      0/99    0.505G   0.02851   0.01373   0.02361   0.06585        15       640   0.01175    0.9644   0.02633   0.00481   0.01099   0.00601    0.0151
      1/99     4.66G   0.02646  0.008268   0.02307    0.0578        14       640  0.008405    0.9298  0.009723  0.001923   0.00954  0.004914   0.01506
      2/99     5.12G   0.02526   0.00781    0.0225   0.05557        17       640   0.01159    0.9545   0.01982  0.004588  0.009778  0.004353   0.01504
      3/99     5.13G   0.02193  0.007754   0.02262   0.05231        14       640   0.08327    0.1692   0.07354   0.02464   0.01137  0.003969   0.01504
      4/99     5.13G   0.02022  0.008283   0.02317   0.05168        15       640     0.124    0.4476    0.1346   0.05046  0.009389  0.004023   0.01507
      5/99     5.13G   0.01702  0.007948    0.0226   0.04757        12       640   0.02798    0.6812    0.0319  0.006852  0.007946   0.00431   0.01509
      6/99     5.13G   0.01467  0.007224   0.02195   0.04385        12       640    0.1253    0.6335    0.1264    0.0405  0.005416  0.003535   0.01504
      7/99     5.13G   0.01337  0.005944   0.02215   0.04147        14       640    0.1474    0.8874    0.1766    0.1013  0.005336  0.002921   0.01503
      8/99     5.13G   0.01244  0.005053   0.02266   0.04015        12       640       0.2    0.9979    0.2125    0.1747  0.004391  0.002401   0.01503
      9/99     5.13G   0.01149  0.004411   0.02249   0.03839        15       640    0.2002    0.9921    0.2126    0.1849  0.004072  0.002154   0.01502
     10/99     5.13G    0.0107  0.003794   0.02331    0.0378        15       640    0.2001    0.9963    0.2136    0.1879  0.004464   0.00191   0.01499
     11/99     5.13G  0.008544  0.003427   0.02121   0.03318        17       640    0.2002    0.9953    0.2174     0.201  0.003244  0.001814   0.01495
     12/99     5.13G  0.008205  0.003195   0.02143   0.03283        12       640    0.2001    0.9954    0.2216    0.2141  0.002845  0.001971   0.01495
     13/99     5.13G  0.008395   0.00294   0.02177   0.03311        14       640     0.201     0.976    0.2162    0.2098  0.002766  0.001903   0.01496
     14/99     5.13G  0.008121  0.002899   0.02218    0.0332        12       640     0.201    0.9813    0.2149    0.2072  0.002945  0.002017   0.01494
     15/99     5.13G  0.007657  0.002742   0.02186   0.03226        18       640       0.2    0.9989    0.2147    0.2091  0.002649  0.001945   0.01496
     16/99     5.13G  0.007205  0.002706     0.022   0.03191        16       640    0.2009    0.9901    0.2174    0.2105   0.00304  0.001785   0.01496
     17/99     5.13G  0.007686  0.002535   0.02216   0.03238        18       640    0.2001    0.9971     0.214    0.2112  0.002251  0.001883   0.01499
     18/99     5.13G  0.006705  0.002503   0.02164   0.03084        15       640    0.2005    0.9911    0.2187    0.2156  0.002141  0.001828   0.01499
     19/99     5.13G  0.007063   0.00247   0.02271   0.03224        15       640       0.2    0.9986    0.2181    0.2143  0.002267  0.001765   0.01499
     20/99     5.13G   0.00594  0.002244   0.02102    0.0292        21       640    0.2003    0.9993    0.2164    0.2138  0.001914  0.001733   0.01498
     21/99     5.13G  0.006088  0.002265   0.02164      0.03        18       640    0.2008    0.9828    0.2167    0.2131   0.00207  0.001693   0.01498
     22/99     5.13G  0.006542  0.002176   0.02243   0.03115        12       640       0.2    0.9983    0.2173    0.2145  0.002035  0.001754     0.015
     23/99     5.13G  0.006594  0.002205   0.02227   0.03107        15       640       0.2     0.999    0.2122    0.2074   0.00234  0.001654   0.01501
     24/99     5.13G  0.006284  0.002178    0.0227   0.03116        16       640    0.2005    0.9864    0.2213    0.2189  0.002004  0.001511     0.015
     25/99     5.13G   0.00512  0.002092   0.02121   0.02843        18       640       0.2    0.9967    0.2187    0.2146  0.002155  0.001652   0.01501
     26/99     5.13G  0.005258  0.002031   0.02182   0.02911        12       640       0.2    0.9984    0.2162    0.2134  0.001745  0.001656   0.01502
     27/99     5.13G  0.005468  0.002044   0.02152   0.02903        13       640    0.2001    0.9987    0.2143    0.2113  0.001896    0.0016   0.01502
     28/99     5.13G  0.005783  0.002041   0.02279   0.03061        17       640       0.2    0.9979    0.2107     0.208   0.00165  0.001658   0.01505
     29/99     5.13G  0.005418  0.001965   0.02155   0.02894        12       640    0.2006    0.9906    0.2158    0.2127  0.001719  0.001528   0.01504
     30/99     5.13G  0.005326  0.001946   0.02215   0.02942        14       640       0.2    0.9967    0.2161    0.2129  0.001608  0.001503   0.01503
     31/99     5.13G  0.005173  0.001925   0.02226   0.02936        17       640    0.2001    0.9953    0.2145    0.2118  0.001717  0.001575   0.01502
     32/99     5.13G  0.005089  0.001818   0.02175   0.02866        19       640    0.2005    0.9937    0.2203    0.2181  0.001535  0.001618   0.01501
     33/99     5.13G  0.006158  0.001841   0.02229   0.03028        16       640    0.1999    0.9995    0.2209    0.2171  0.001993  0.001644   0.01497
     34/99     5.13G  0.005438  0.001855   0.02207   0.02937        13       640    0.2007    0.9842    0.2227    0.2197   0.00167  0.001618   0.01499
     35/99     5.13G  0.005397  0.001819   0.02303   0.03025        16       640    0.2001    0.9958     0.214    0.2113  0.001542  0.001664     0.015
     36/99     5.13G  0.004524  0.001765   0.02141    0.0277        15       640       0.2    0.9984    0.2184    0.2155  0.001562  0.001437   0.01502
     37/99     5.13G  0.005128  0.001787   0.02216   0.02907        13       640    0.2002    0.9963    0.2197    0.2171  0.001569  0.001469   0.01502
     38/99     5.13G  0.004657  0.001772   0.02206   0.02849        12       640    0.2013    0.9819    0.2238     0.221  0.001482  0.001612   0.01501
     39/99     5.13G  0.004784  0.001734   0.02222   0.02873        18       640    0.2002    0.9963    0.2159    0.2131  0.001537  0.001531     0.015
     40/99     5.13G  0.004629  0.001783   0.02301   0.02942        12       640    0.2012    0.9773    0.2144    0.2117  0.001621  0.001512   0.01501
     41/99     5.13G  0.004794  0.001652   0.02227   0.02872        14       640    0.2015     0.977    0.2175    0.2147   0.00156  0.001607     0.015
     42/99     5.13G  0.004913  0.001665   0.02255   0.02912        15       640    0.2014    0.9812    0.2136    0.2111  0.001524  0.001426   0.01499
     43/99     5.13G   0.00471  0.001729   0.02293   0.02937        12       640    0.2003    0.9984    0.2139    0.2113  0.001543  0.001613     0.015
     44/99     5.13G  0.004269  0.001683   0.02215    0.0281        17       640    0.2005    0.9931    0.2159    0.2136  0.001523  0.001532   0.01502
     45/99     5.13G   0.00404  0.001693   0.02226   0.02799        15       640    0.2013    0.9733    0.2158     0.213  0.001627  0.001519     0.015
     46/99     5.13G  0.004013  0.001645   0.02211   0.02777        18       640     0.201     0.987    0.2158    0.2134  0.001537  0.001508   0.01501
     47/99     5.13G  0.003725  0.001569    0.0212   0.02649        12       640    0.2013    0.9853    0.2173    0.2153  0.001585   0.00156   0.01502
     48/99     5.13G   0.00373  0.001532   0.02119   0.02645        12       640    0.2007    0.9937    0.2169    0.2142   0.00151  0.001452   0.01502
     49/99     5.13G  0.004302  0.001581   0.02241   0.02829        12       640    0.2002    0.9974    0.2097    0.2071   0.00158  0.001594   0.01501
     50/99     5.13G  0.004528    0.0016   0.02319   0.02932        16       640    0.2001     0.999    0.2195    0.2169  0.001538   0.00155     0.015
     51/99     5.13G  0.003712  0.001529   0.02173   0.02697        19       640    0.2011    0.9752    0.2181    0.2155  0.001471  0.001592   0.01499
     52/99     5.13G  0.003861  0.001578    0.0227   0.02814        17       640    0.2005    0.9905    0.2179    0.2154  0.001491  0.001644     0.015
     53/99     5.13G  0.003582  0.001587   0.02229   0.02745        13       640    0.2004    0.9953    0.2162    0.2135  0.001525  0.001626   0.01502
     54/99     5.13G  0.003861   0.00151    0.0227   0.02807        15       640    0.2001    0.9989     0.216    0.2131  0.001471  0.001605   0.01501
     55/99     5.13G   0.00402  0.001561   0.02267   0.02825        18       640    0.2019    0.9681    0.2173    0.2145  0.001384  0.001631   0.01501
     56/99     5.13G  0.003941  0.001527   0.02253     0.028        13       640    0.2014    0.9764    0.2132    0.2103  0.001507  0.001678   0.01501
     57/99     5.13G  0.003948  0.001492   0.02307   0.02851        13       640    0.2003    0.9979    0.2165    0.2133  0.001415  0.001484   0.01501
     58/99     5.13G  0.004021  0.001548    0.0234   0.02897        18       640    0.2001    0.9974    0.2149    0.2123  0.001428  0.001639     0.015
     59/99     5.13G  0.003055  0.001415   0.02116   0.02563        15       640    0.2001     0.999    0.2161    0.2131  0.001461  0.001626   0.01501
