     0/299    0.445G     0.037   0.03884   0.06329    0.1391        16       640    0.1699    0.3073    0.1494   0.07964   0.01243   0.03143   0.06008
     1/299     5.14G   0.01444   0.02855   0.05976    0.1027        22       640    0.2038    0.9619    0.2235    0.1767   0.01186   0.02006   0.05961
     2/299      5.6G   0.01353   0.01965   0.05958   0.09275        12       640    0.2016    0.9801    0.2322    0.1987   0.01314    0.0154    0.0594
     3/299      5.6G   0.01321   0.01769   0.05936   0.09025        13       640    0.2332    0.9058    0.2815    0.2378  0.008139   0.01316   0.05881
     4/299     5.61G   0.01056   0.01617   0.05853   0.08526        18       640    0.2633    0.7855    0.3072    0.2584  0.007258   0.01337   0.05729
     5/299     5.61G  0.008942   0.01488   0.05635   0.08017        14       640    0.2786    0.8147    0.3461    0.2995  0.008007   0.01361   0.05558
     6/299     5.61G  0.007369   0.01374   0.05478   0.07589        13       640    0.3313     0.719    0.3837    0.3638  0.005729   0.01381   0.05402
     7/299     5.61G  0.006456   0.01309   0.05345     0.073        14       640    0.3313    0.7537    0.3709    0.3525  0.004348   0.01383    0.0529
     8/299     5.61G  0.006096   0.01252   0.05305   0.07166        20       640    0.3505    0.7721    0.3963    0.3782  0.004372   0.01527   0.05102
     9/299     5.61G  0.005746   0.01198   0.05237   0.07009        14       640    0.3223    0.8056    0.3861    0.3741  0.004317   0.01287   0.05424
    10/299     5.61G  0.005331   0.01174    0.0522   0.06927        13       640    0.3355       0.8    0.4118    0.3927  0.004629   0.01401   0.05122
    11/299     5.61G   0.00508   0.01145   0.05175   0.06829        22       640    0.3541    0.7925    0.4265    0.4167  0.004024   0.01349   0.04953
    12/299     5.61G  0.004922   0.01139   0.05151   0.06783        13       640    0.3543    0.8267    0.4396    0.4166  0.004389    0.0126   0.04858
    13/299     5.61G  0.004625   0.01116   0.05179   0.06757        19       640    0.3518    0.8219    0.4258    0.4139  0.004244   0.01286   0.04925
    14/299     5.61G  0.004638    0.0111   0.05124   0.06697        20       640    0.3512    0.8254    0.4409    0.4271  0.004107   0.01295   0.04872
    15/299     5.61G  0.004311   0.01091   0.05072   0.06594        19       640    0.3533    0.8123    0.4589    0.4429   0.00392   0.01317   0.04887
    16/299     5.61G  0.004461   0.01083   0.05106   0.06635        22       640    0.3653     0.756    0.4529    0.4369  0.003778   0.01249   0.05005
    17/299     5.61G  0.004366   0.01083   0.05016   0.06535        16       640    0.3713     0.831    0.4581    0.4391  0.004025   0.01269   0.04877
    18/299     5.61G  0.004239   0.01069   0.05004   0.06497        19       640    0.3768    0.7958     0.459    0.4486  0.003895   0.01305   0.04809
    19/299     5.61G  0.004168   0.01074   0.04947   0.06438        19       640      0.39    0.7994    0.4753    0.4634  0.003773   0.01248   0.04742
    20/299     5.61G  0.004103   0.01055    0.0494   0.06405        14       640    0.4358    0.7134    0.4966    0.4781  0.004357   0.01291   0.04657
    21/299     5.61G  0.004028   0.01064     0.049   0.06367        15       640    0.3911    0.8317    0.5084    0.4983  0.003928   0.01214   0.04591
    22/299     5.61G  0.004064   0.01043   0.04889   0.06338        24       640    0.3882    0.7595    0.4733    0.4631  0.003928   0.01328   0.04813
    23/299     5.61G  0.003932   0.01032    0.0488   0.06305        12       640     0.404    0.7497    0.4833    0.4737  0.003513   0.01209    0.0478
    24/299     5.61G  0.003815   0.01039   0.04854   0.06275        18       640    0.4148    0.7337     0.495    0.4859  0.003632   0.01242   0.04684
    25/299     5.61G  0.003719   0.01035   0.04874   0.06281        13       640     0.423    0.7283    0.5021    0.4916  0.003529   0.01277   0.04646
    26/299     5.61G  0.003701   0.01028   0.04838   0.06236        15       640    0.4309    0.7387    0.5157    0.5061  0.003894   0.01146   0.04649
    27/299     5.61G  0.003637  0.009999   0.04857   0.06221        16       640    0.3987    0.7969    0.5005    0.4819   0.00433   0.01293   0.04713
    28/299     5.61G  0.003729   0.01022   0.04797   0.06192        15       640    0.3765    0.7509    0.4792    0.4706  0.003568   0.01181   0.05154
    29/299     5.61G   0.00356   0.01009   0.04788   0.06154        16       640    0.4275     0.744    0.5042    0.4949  0.003673   0.01218   0.04579
    30/299     5.61G  0.003583   0.01011   0.04812    0.0618        15       640    0.4428     0.757    0.5181    0.4993  0.003666   0.01302   0.04599
    31/299     5.61G   0.00355  0.009883   0.04749   0.06093        14       640    0.4318    0.7879    0.5184    0.5109  0.003395   0.01232   0.04603
    32/299     5.61G  0.003405  0.009922   0.04724   0.06057        15       640     0.419    0.7706    0.5092    0.5008  0.003287   0.01218   0.04702
    33/299     5.61G  0.003409  0.009823   0.04759   0.06082        15       640    0.4442    0.7465     0.526    0.5141  0.003449   0.01213    0.0444
    34/299     5.61G  0.003551   0.00976   0.04737   0.06068        14       640    0.4476    0.7387    0.5284    0.5206  0.003395   0.01306   0.04513
    35/299     5.61G  0.003223  0.009597   0.04764   0.06046        15       640     0.413    0.7725    0.5077    0.4938  0.003603   0.01348   0.04575
    36/299     5.61G  0.003331  0.009642   0.04694   0.05991        21       640     0.429    0.7658    0.5222    0.5147  0.003432   0.01214   0.04617
    37/299     5.61G  0.003344  0.009824   0.04708   0.06025        18       640    0.4346    0.7906    0.5257    0.5169  0.003461   0.01155   0.04484
    38/299     5.61G  0.003184  0.009679   0.04735   0.06021        15       640    0.4276    0.7702    0.5135    0.5057  0.003479   0.01206    0.0455
    39/299     5.61G  0.003256  0.009481   0.04691   0.05965        13       640    0.4478    0.7407    0.5265     0.519  0.003139   0.01212    0.0443
    40/299     5.61G  0.003283  0.009696   0.04685   0.05983        15       640    0.4378    0.7821    0.5347    0.5247  0.003437   0.01194   0.04635
    41/299     5.61G  0.003111  0.009618   0.04662   0.05935        22       640    0.4478    0.7732    0.5259    0.5177  0.003156    0.0114    0.0456
    42/299     5.61G  0.003222  0.009608   0.04676   0.05959        17       640    0.4537    0.7632    0.5295    0.5178  0.003382   0.01129   0.04414
    43/299     5.61G  0.003239  0.009546   0.04651   0.05929        16       640    0.4312    0.7577    0.5258    0.5174  0.003629   0.01181   0.04425
    44/299     5.61G  0.003175  0.009338   0.04649   0.05901        16       640    0.4348    0.8113    0.5414    0.5323  0.003482   0.01281   0.04407
    45/299     5.61G  0.003161  0.009254   0.04665   0.05906        20       640    0.4425    0.7684    0.5235     0.517  0.003328   0.01323   0.04503
    46/299     5.61G  0.003135   0.00941   0.04653   0.05908        24       640    0.4244    0.7908    0.5397    0.5289   0.00352   0.01422   0.04408
    47/299     5.61G  0.003169  0.009124   0.04577   0.05806        15       640    0.4699    0.7472    0.5506    0.5438  0.003301   0.01188   0.04368
    48/299     5.61G   0.00316  0.008993   0.04615    0.0583        23       640    0.4511    0.7675    0.5407    0.5336   0.00336   0.01441   0.04373
    49/299     5.61G  0.003131  0.008884   0.04563   0.05764        21       640    0.4809    0.7058    0.5323    0.5258  0.002958   0.01172   0.04487
    50/299     5.61G  0.003113  0.008944   0.04622   0.05828        19       640    0.4683    0.7351    0.5411    0.5342  0.003032   0.01203   0.04438
    51/299     5.61G  0.003052  0.008916   0.04653    0.0585        22       640    0.4364     0.796    0.5463    0.5396  0.003047   0.01329   0.04348
    52/299     5.61G  0.002967  0.009023   0.04621    0.0582        16       640    0.4574    0.7319    0.5477    0.5397   0.00315   0.01222    0.0435
    53/299     5.61G  0.002994  0.008824    0.0463   0.05812        16       640    0.4512    0.7374    0.5291    0.5203  0.002954   0.01221    0.0466
    54/299     5.61G   0.00297   0.00878   0.04593   0.05768        16       640    0.4726    0.7312    0.5463    0.5402  0.002795   0.01172   0.04384
    55/299     5.61G   0.00305  0.008813   0.04623    0.0581        15       640    0.4638    0.7309    0.5291    0.5232  0.003156   0.01109   0.04444
    56/299     5.61G  0.002967  0.008806   0.04631   0.05808        13       640    0.4399    0.7783    0.5458    0.5396  0.003072   0.01305   0.04356
    57/299     5.61G  0.002936    0.0088   0.04553   0.05727        16       640    0.4707    0.7263    0.5341    0.5259  0.002993   0.01218   0.04492
    58/299     5.61G  0.002844  0.008636   0.04572   0.05721        15       640    0.4739    0.7576    0.5524     0.546  0.002827   0.01271   0.04362
    59/299     5.61G   0.00287   0.00862   0.04567   0.05715        19       640    0.4439    0.7445    0.5375    0.5307  0.002857   0.01212   0.04407
    60/299     5.61G  0.002952  0.008853   0.04568   0.05748        14       640    0.4651    0.7776    0.5483    0.5412  0.002756   0.01208   0.04375
    61/299     5.61G  0.002878  0.008656   0.04577   0.05731        22       640    0.4547    0.7831    0.5488    0.5423  0.002788   0.01191   0.04344
    62/299     5.61G   0.00292  0.008633   0.04574   0.05729        19       640    0.4617    0.7619    0.5453    0.5388  0.002627    0.0122   0.04348
    63/299     5.61G  0.002804  0.008501   0.04532   0.05662        15       640    0.4436    0.7746    0.5518    0.5439  0.002833   0.01324   0.04313
    64/299     5.61G  0.002913  0.008615   0.04504   0.05657        14       640     0.472    0.7592    0.5591    0.5519  0.003082   0.01126   0.04306
    65/299     5.61G  0.002803  0.008694   0.04511   0.05661        27       640    0.4688    0.7681    0.5589    0.5508  0.002824   0.01203   0.04277
    66/299     5.61G  0.002831  0.008452   0.04511    0.0564        19       640    0.4689    0.7749    0.5662    0.5588  0.002792   0.01244   0.04249
    67/299     5.61G  0.002785  0.008361    0.0452   0.05635        19       640    0.4542    0.8063    0.5622    0.5548  0.002767   0.01419   0.04225
    68/299     5.61G  0.002749  0.008498   0.04548   0.05673        24       640    0.4786    0.7241    0.5511    0.5454  0.002752   0.01218   0.04313
    69/299     5.61G  0.002761  0.008376   0.04527    0.0564        15       640    0.4607    0.7728    0.5517    0.5459  0.002759   0.01286   0.04248
    70/299     5.61G  0.002737  0.008385   0.04496   0.05608        19       640    0.4754    0.7731    0.5649    0.5591  0.002609   0.01138   0.04255
    71/299     5.61G  0.002705  0.008478    0.0448   0.05598        15       640    0.4956    0.7284    0.5708    0.5644  0.002538   0.01217   0.04213
    72/299     5.61G   0.00273  0.008468   0.04479   0.05598        15       640     0.475    0.7716    0.5621    0.5558  0.002524   0.01266   0.04258
    73/299     5.61G  0.002762  0.008408    0.0447   0.05587        15       640    0.4678    0.8009    0.5663    0.5593  0.002697   0.01223   0.04218
    74/299     5.61G  0.002793  0.008428   0.04503   0.05625        17       640    0.4605    0.7865    0.5534    0.5464  0.002696   0.01231   0.04293
    75/299     5.61G  0.002772  0.008296   0.04514   0.05621        18       640    0.4599    0.7952    0.5634    0.5579  0.002507   0.01174   0.04224
    76/299     5.61G   0.00269  0.008268   0.04458   0.05554        18       640    0.4654    0.7377     0.555    0.5486  0.002809   0.01339   0.04295
    77/299     5.61G  0.002759  0.008342   0.04483   0.05593        21       640    0.4927    0.7319    0.5739    0.5679  0.002637   0.01194    0.0417
    78/299     5.61G   0.00269  0.008413    0.0446    0.0557        15       640    0.4849    0.7424     0.569    0.5629  0.002705   0.01076    0.0419
    79/299     5.61G  0.002681  0.008422   0.04452   0.05563        16       640    0.4704     0.802    0.5735    0.5661  0.002556   0.01229   0.04224
    80/299     5.61G  0.002662  0.008451   0.04443   0.05554        17       640    0.4774    0.7792    0.5721    0.5656  0.002668   0.01303   0.04205
    81/299     5.61G  0.002682  0.008273    0.0445   0.05546        17       640    0.4817    0.7569    0.5711    0.5647  0.002435   0.01174   0.04205
    82/299     5.61G  0.002666   0.00841   0.04423    0.0553        16       640    0.4971    0.7443    0.5742    0.5682  0.002366   0.01128   0.04195
    83/299     5.61G  0.002636  0.008247   0.04441   0.05529        18       640    0.4765    0.7539    0.5732     0.567  0.002563   0.01222   0.04201
    84/299     5.61G  0.002581  0.008272   0.04396   0.05482        17       640    0.4954    0.7438    0.5782    0.5724  0.002387   0.01182   0.04164
    85/299     5.61G  0.002664  0.008138   0.04423   0.05503        13       640    0.4784    0.7902    0.5746    0.5687  0.002455   0.01252   0.04223
    86/299     5.61G  0.002648  0.008301   0.04421   0.05516        13       640    0.5025    0.7586    0.5839    0.5782  0.002522   0.01159   0.04146
    87/299     5.61G   0.00262  0.008162   0.04402   0.05481        15       640    0.4986    0.7569    0.5769    0.5705  0.002468   0.01217   0.04187
    88/299     5.61G  0.002561  0.008051   0.04423   0.05484        13       640     0.483    0.7737    0.5825    0.5763  0.002395   0.01183   0.04192
    89/299     5.61G  0.002607  0.008098   0.04415   0.05485        18       640    0.5071    0.7316    0.5771    0.5707  0.002431   0.01138   0.04151
    90/299     5.61G   0.00251  0.008078   0.04402    0.0546        23       640    0.5107    0.7382    0.5807    0.5747  0.002432   0.01209   0.04127
    91/299     5.61G  0.002583   0.00808   0.04428   0.05495        21       640    0.5261    0.7131    0.5789    0.5726  0.002431   0.01238   0.04166
    92/299     5.61G  0.002575  0.007977   0.04404   0.05459        15       640    0.4932    0.7528    0.5829    0.5766  0.002421   0.01142   0.04165
    93/299     5.61G  0.002512  0.008075   0.04418   0.05476        15       640    0.4988    0.7518    0.5836    0.5775  0.002448   0.01161   0.04182
    94/299     5.61G  0.002487  0.007988    0.0443   0.05478        12       640    0.5095    0.7308    0.5897    0.5842  0.002393   0.01147   0.04156
    95/299     5.61G    0.0025  0.008095   0.04406   0.05465        13       640    0.5117    0.7253    0.5885     0.582   0.00246   0.01191   0.04121
    96/299     5.61G  0.002467  0.007897    0.0441   0.05446        12       640    0.5247    0.7044    0.5856    0.5792   0.00243   0.01193   0.04131
    97/299     5.61G  0.002472  0.008009   0.04384   0.05432        20       640    0.4949    0.7708    0.5795    0.5732  0.002462   0.01198   0.04137
    98/299     5.61G  0.002513  0.008089   0.04371   0.05431        13       640    0.4855     0.793    0.5857    0.5797  0.002459   0.01182    0.0412
    99/299     5.61G  0.002483  0.008061   0.04369   0.05424        17       640    0.5253    0.7233     0.588    0.5824   0.00234   0.01183   0.04134
   100/299     5.61G  0.002483  0.007902   0.04404   0.05442        15       640    0.5058    0.7623    0.5919    0.5864  0.002343   0.01224   0.04104
   101/299     5.61G  0.002451  0.007917   0.04339   0.05376        14       640    0.4902    0.7853    0.5934    0.5872  0.002412   0.01148   0.04111
   102/299     5.61G  0.002503  0.007991   0.04359   0.05408        19       640    0.4836    0.8072    0.5962    0.5903  0.002409   0.01168   0.04094
   103/299     5.61G  0.002501  0.008021   0.04342   0.05394        18       640    0.4991     0.771    0.5983     0.592  0.002388   0.01146   0.04107
   104/299     5.61G  0.002469  0.007781   0.04288   0.05313        13       640    0.4988    0.7733     0.598    0.5915  0.002327   0.01166   0.04113
   105/299     5.61G  0.002413  0.007919   0.04348   0.05381        17       640    0.5132    0.7504    0.5984    0.5924  0.002368   0.01154   0.04098
   106/299     5.61G  0.002462  0.007952   0.04371   0.05412        17       640    0.4792    0.8119    0.5964    0.5909   0.00238   0.01162   0.04112
   107/299     5.61G   0.00248  0.008113   0.04328   0.05387        20       640    0.4872    0.7901    0.5944    0.5888  0.002332   0.01173   0.04112
   108/299     5.61G  0.002453  0.008016   0.04322   0.05369        21       640    0.4883    0.7843    0.5892    0.5835  0.002348   0.01157   0.04119
   109/299     5.61G  0.002407  0.008027   0.04338   0.05381        19       640    0.5234    0.7097     0.593    0.5871   0.00228   0.01111   0.04105
   110/299     5.61G  0.002385  0.007924   0.04312   0.05342        16       640    0.4854    0.8004    0.5966    0.5904  0.002308   0.01129   0.04117
   111/299     5.61G  0.002383   0.00782   0.04306   0.05326        15       640    0.5016    0.7749    0.5994    0.5928  0.002283   0.01121   0.04108
   112/299     5.61G  0.002357  0.007956    0.0431   0.05341        21       640    0.4961    0.7718    0.5964      0.59  0.002304    0.0115     0.041
   113/299     5.61G  0.002398   0.00796   0.04333   0.05369        21       640    0.4971     0.777    0.5956    0.5891  0.002342   0.01176   0.04118
   114/299     5.61G  0.002415  0.007874   0.04284   0.05313        21       640    0.5034    0.7698    0.5945    0.5883  0.002346     0.012   0.04123
   115/299     5.61G  0.002366  0.007769   0.04277   0.05291        18       640    0.4867    0.7944    0.5984    0.5922  0.002345     0.012   0.04102
   116/299     5.61G  0.002315  0.007826   0.04326    0.0534        13       640    0.5007    0.7662     0.598     0.592  0.002357   0.01194   0.04103
   117/299     5.61G   0.00234  0.007925   0.04256   0.05283        19       640    0.5045    0.7617    0.5965    0.5903  0.002321   0.01178   0.04099
   118/299     5.61G  0.002293  0.007649   0.04267   0.05261        25       640    0.5015    0.7665    0.5976    0.5915  0.002328   0.01178   0.04088
   119/299     5.61G  0.002351  0.007757   0.04315   0.05326        22       640    0.5173    0.7394    0.5948    0.5886  0.002354   0.01184   0.04096
   120/299     5.61G  0.002307  0.007778   0.04288   0.05296        13       640    0.5097    0.7458    0.5962    0.5907  0.002321   0.01179   0.04087
   121/299     5.61G  0.002331  0.007897   0.04303   0.05326        17       640    0.5072    0.7438    0.5925    0.5863  0.002327   0.01176   0.04089
   122/299     5.61G  0.002293  0.007751   0.04322   0.05326        15       640    0.5224     0.721    0.5921    0.5862  0.002323    0.0117   0.04091
   123/299     5.61G  0.002295  0.007855    0.0429   0.05305        16       640    0.5139    0.7324    0.5882    0.5822  0.002316   0.01196   0.04087
   124/299     5.61G  0.002266  0.007673   0.04278   0.05272        20       640    0.5251    0.7131    0.5919    0.5856  0.002294   0.01202   0.04084
   125/299     5.61G  0.002311  0.007649   0.04227   0.05223        22       640    0.4769     0.799    0.5928    0.5867  0.002294   0.01203   0.04087
   126/299     5.61G  0.002236  0.007788     0.043   0.05302        18       640    0.5321    0.7001    0.5945    0.5882  0.002301   0.01196   0.04079
   127/299     5.61G  0.002335  0.007755   0.04228   0.05237        19       640    0.5158    0.7334    0.5968    0.5905  0.002329   0.01192   0.04071
   128/299     5.61G  0.002288  0.007687   0.04243   0.05241        12       640    0.5239    0.7265    0.5962    0.5899  0.002341   0.01198   0.04076
   129/299     5.61G  0.002207  0.007635   0.04231   0.05215        16       640    0.5346    0.7105    0.5968    0.5905  0.002315   0.01179   0.04086
   130/299     5.61G  0.002228  0.007677   0.04257   0.05247        16       640    0.5193    0.7357    0.5962    0.5897  0.002282   0.01195   0.04092
   131/299     5.61G  0.002206  0.007642   0.04225   0.05209        18       640    0.5174    0.7373    0.6002     0.594  0.002266   0.01174    0.0407
   132/299     5.61G  0.002274  0.007642    0.0421   0.05202        15       640    0.5097     0.747    0.6004    0.5941  0.002272   0.01174   0.04073
   133/299     5.61G  0.002245  0.007719   0.04227   0.05223        15       640    0.5328    0.7029    0.5986    0.5921  0.002272   0.01164   0.04081
   134/299     5.61G  0.002191  0.007663   0.04206   0.05191        18       640    0.5108    0.7427    0.5984    0.5922  0.002253   0.01164   0.04073
   135/299     5.61G  0.002173   0.00762   0.04221     0.052        18       640    0.5179    0.7325    0.6008    0.5946  0.002265   0.01158   0.04062
   136/299     5.61G  0.002233  0.007668   0.04223   0.05213        13       640    0.5204    0.7264    0.6029    0.5966  0.002268   0.01155   0.04057
   137/299     5.61G  0.002167  0.007598   0.04196   0.05173        18       640     0.515    0.7428    0.6035    0.5973  0.002242   0.01135   0.04058
   138/299     5.61G  0.002243  0.007728   0.04204   0.05201        13       640    0.5213    0.7387    0.6054     0.599  0.002241   0.01144   0.04052
   139/299     5.61G  0.002135  0.007414   0.04226   0.05181        15       640    0.5196    0.7403    0.6064    0.6001  0.002232   0.01144   0.04049
   140/299     5.61G  0.002188  0.007403   0.04187   0.05147        17       640     0.521    0.7422    0.6052     0.599   0.00222   0.01146   0.04052
   141/299     5.61G  0.002183  0.007456   0.04208   0.05172        15       640    0.5245    0.7314    0.6051    0.5988  0.002223   0.01144   0.04042
   142/299     5.61G  0.002145  0.007523   0.04157   0.05123        20       640    0.5076    0.7708    0.6044    0.5982  0.002225   0.01148    0.0404
   143/299     5.61G  0.002137  0.007547   0.04168   0.05136        23       640    0.5158    0.7541    0.6057    0.5992  0.002221    0.0114   0.04041
   144/299     5.61G  0.002193  0.007689   0.04151    0.0514        16       640    0.5164     0.754    0.6053    0.5989   0.00221   0.01131   0.04039
   145/299     5.61G  0.002161  0.007656   0.04138    0.0512        19       640     0.515    0.7523    0.6068    0.6007  0.002196   0.01129   0.04032
   146/299     5.61G  0.002153  0.007709   0.04196   0.05182        13       640    0.5296    0.7235    0.6074    0.6011  0.002184   0.01128   0.04033
   147/299     5.61G   0.00212  0.007539   0.04183   0.05148        12       640    0.5409    0.7019    0.6078    0.6016  0.002185   0.01128   0.04031
   148/299     5.61G  0.002151  0.007609   0.04144    0.0512        19       640     0.519    0.7482    0.6074    0.6012  0.002174   0.01135   0.04035
   149/299     5.61G  0.002136  0.007545   0.04186   0.05154        24       640     0.514    0.7546    0.6083     0.602  0.002172   0.01138   0.04027
   150/299     5.61G  0.002158  0.007569   0.04153   0.05125        16       640    0.5043    0.7712    0.6081    0.6017   0.00217    0.0114   0.04031
   151/299     5.61G  0.002173  0.007653   0.04131   0.05113        19       640    0.5046    0.7734     0.608    0.6016  0.002172   0.01142   0.04032
   152/299     5.61G  0.002126  0.007387   0.04128    0.0508        16       640      0.51    0.7582    0.6073    0.6012  0.002168   0.01144   0.04033
   153/299     5.61G  0.002122  0.007412   0.04131   0.05084        19       640    0.5146    0.7519    0.6062    0.6001  0.002162    0.0115   0.04036
   154/299     5.61G  0.002056  0.007357   0.04146   0.05087        19       640    0.5152    0.7525    0.6052    0.5991  0.002162   0.01154   0.04039
   155/299     5.61G  0.002058  0.007526   0.04123   0.05082        18       640    0.5191    0.7408    0.6055    0.5993  0.002165    0.0115   0.04035
   156/299     5.61G  0.002098  0.007393   0.04083   0.05032        13       640    0.5088    0.7618    0.6048    0.5986   0.00216   0.01149   0.04038
   157/299     5.61G  0.002082  0.007398   0.04094   0.05042        15       640    0.5155    0.7494    0.6046    0.5983  0.002161   0.01149   0.04039
   158/299     5.61G  0.002045  0.007488   0.04121   0.05075        13       640    0.5202    0.7427    0.6051    0.5988  0.002156   0.01158    0.0404
   159/299     5.61G  0.002123  0.007408   0.04038   0.04991        15       640     0.516    0.7508    0.6048    0.5985  0.002156   0.01153    0.0404
   160/299     5.61G  0.002075   0.00744    0.0412   0.05071        20       640      0.51    0.7622    0.6046    0.5981  0.002162    0.0115   0.04041
   161/299     5.61G  0.002055  0.007388   0.04155   0.05099        15       640      0.53    0.7212    0.6037    0.5973   0.00216    0.0115   0.04041
   162/299     5.61G  0.002023  0.007265   0.04076   0.05004        16       640    0.5275    0.7316    0.6036    0.5972  0.002167   0.01151   0.04042
   163/299     5.61G  0.002034  0.007221   0.04056   0.04982        16       640    0.5272     0.732    0.6035    0.5971  0.002166   0.01149   0.04042
   164/299     5.61G  0.002044  0.007428   0.04035   0.04982        17       640    0.5322    0.7221    0.6039    0.5975  0.002162   0.01149   0.04038
   165/299     5.61G  0.002066  0.007543   0.04031   0.04992        19       640     0.533    0.7199    0.6035    0.5972   0.00216   0.01145   0.04039
   166/299     5.61G  0.002063  0.007271   0.04016   0.04949        21       640    0.5304    0.7234    0.6034    0.5972  0.002147   0.01143   0.04039
   167/299     5.61G  0.002042  0.007351   0.04001   0.04941        20       640    0.5312    0.7215    0.6032     0.597   0.00215   0.01145   0.04041
   168/299     5.61G  0.002017  0.007367   0.04031    0.0497        15       640    0.5314    0.7214    0.6031    0.5968  0.002149   0.01145   0.04041
   169/299     5.61G  0.002025  0.007446    0.0403   0.04977        19       640    0.5313    0.7214    0.6031    0.5968  0.002148   0.01144   0.04042
