      0/99    0.445G   0.05016    0.0359    0.1346    0.2206        13       640    0.1162     0.521    0.1009   0.02399   0.02514   0.03338    0.1259
      1/99     5.14G   0.02385   0.03772    0.1253    0.1868        17       640    0.1725    0.7016     0.192    0.1307   0.01561   0.03065    0.1246
      2/99      5.6G   0.02587   0.02944    0.1246    0.1799        13       640    0.2007    0.9885    0.2584     0.221   0.02233   0.02493    0.1233
      3/99      5.6G    0.0283   0.02494    0.1211    0.1744        13       640    0.2562    0.7702    0.2938    0.2363   0.01847   0.02163    0.1159
      4/99     5.61G   0.02336   0.02219    0.1162    0.1617        16       640    0.2422    0.8806    0.3071    0.2594   0.01214   0.02074    0.1247
      5/99     5.61G   0.01881   0.02013     0.114    0.1529        19       640     0.322    0.7979    0.3778    0.3111   0.01129   0.01835    0.1064
      6/99     5.61G   0.01524   0.01792    0.1111    0.1443        18       640    0.3354    0.7982    0.4045     0.346   0.01015   0.01819    0.1072
      7/99     5.61G    0.0123   0.01645    0.1089    0.1376        16       640    0.3523    0.7694    0.4238    0.3921  0.008936    0.0153     0.103
      8/99     5.61G   0.01184   0.01544     0.107    0.1343        18       640    0.3789    0.7519    0.4419    0.3856  0.008831   0.01646    0.1019
      9/99     5.61G     0.011   0.01449    0.1054    0.1309        13       640    0.3794     0.756    0.4651    0.4301  0.007684   0.01431   0.09963
     10/99     5.61G   0.01026    0.0136    0.1048    0.1286        17       640     0.391    0.7526    0.4573    0.4305  0.007339   0.01404    0.0994
     11/99     5.61G  0.009795   0.01336    0.1046    0.1277        13       640    0.3779    0.7738    0.4623     0.437  0.007369   0.01407   0.09881
     12/99     5.61G  0.009131   0.01297    0.1029     0.125        18       640    0.3905    0.7503    0.4725    0.4408   0.00805   0.01366   0.09854
     13/99     5.61G  0.009189   0.01284    0.1028    0.1249        16       640    0.3902    0.7622    0.4832    0.4655  0.006037   0.01345   0.09851
     14/99     5.61G  0.008558   0.01247    0.1023    0.1234        16       640    0.4049    0.7058     0.479    0.4578   0.00568   0.01398     0.099
     15/99     5.61G  0.008374   0.01243    0.1021    0.1229        12       640    0.4054    0.7567    0.4746    0.4536  0.005737   0.01387   0.09787
     16/99     5.61G  0.008125   0.01211    0.1011    0.1214        15       640    0.4261    0.7083    0.4968     0.479  0.005336   0.01325   0.09572
     17/99     5.61G  0.007589    0.0121    0.1002    0.1199        14       640    0.4084    0.7632    0.4952    0.4778  0.005567   0.01378   0.09584
     18/99     5.61G  0.007542   0.01173   0.09989    0.1192        16       640    0.4048    0.7476    0.4877    0.4682  0.005468   0.01347   0.09658
     19/99     5.61G  0.007295   0.01159    0.0989    0.1178        13       640    0.4103    0.7153    0.4876    0.4738  0.005109   0.01314   0.09684
     20/99     5.61G  0.007063    0.0114   0.09876    0.1172        17       640    0.4115     0.755    0.5009    0.4878  0.005551   0.01301   0.09481
     21/99     5.61G  0.007064   0.01144   0.09896    0.1175        15       640    0.4046    0.7211    0.4866    0.4747  0.004797   0.01242    0.0966
     22/99     5.61G  0.006811   0.01133    0.0988    0.1169        13       640    0.4148    0.7394    0.5037    0.4906  0.005125   0.01306   0.09457
     23/99     5.61G  0.006679   0.01133   0.09828    0.1163        16       640    0.4223    0.7602    0.5056    0.4928  0.005008   0.01296   0.09578
     24/99     5.61G  0.006607   0.01113   0.09735    0.1151        24       640    0.3945    0.7542    0.5046    0.4917  0.004743   0.01265   0.09705
     25/99     5.61G  0.006553   0.01111   0.09673    0.1144        13       640    0.4423    0.7417    0.5254    0.5135  0.004852   0.01301   0.09164
     26/99     5.61G  0.006285    0.0111   0.09692    0.1143        15       640    0.3934    0.8055    0.5081    0.4915  0.005113   0.01383   0.09522
     27/99     5.61G  0.006226   0.01096   0.09663    0.1138        12       640    0.4164    0.7667    0.5271    0.5098   0.00471   0.01277   0.09234
     28/99     5.61G  0.006018   0.01081   0.09567    0.1125        15       640    0.4325    0.7969    0.5417    0.5303  0.004913   0.01332   0.09008
     29/99     5.61G   0.00599    0.0108   0.09552    0.1123        16       640    0.4557    0.7141     0.531    0.5138  0.004652   0.01268   0.09163
     30/99     5.61G   0.00597   0.01071   0.09449    0.1112        12       640    0.4769    0.6921    0.5315    0.5123  0.005548   0.01287    0.0916
     31/99     5.61G  0.005691   0.01075   0.09619    0.1126        12       640    0.4532     0.736    0.5242    0.5093  0.005118   0.01398   0.09245
     32/99     5.61G  0.005876   0.01055   0.09394    0.1104        17       640    0.4623    0.7282    0.5383     0.525  0.004675   0.01311   0.08921
     33/99     5.61G  0.005767   0.01069   0.09319    0.1096        18       640    0.4564    0.7394    0.5414    0.5326  0.004364   0.01295   0.09041
     34/99     5.61G  0.005714    0.0106   0.09323    0.1095        15       640    0.4627    0.7507    0.5472    0.5334  0.004952   0.01349   0.08909
     35/99     5.61G  0.005506   0.01046   0.09332    0.1093        14       640    0.4606    0.7344    0.5444    0.5341  0.004703   0.01352   0.08928
     36/99     5.61G  0.005272    0.0103   0.09364    0.1092        12       640    0.4456    0.7586    0.5381    0.5244  0.004924   0.01338   0.08996
     37/99     5.61G  0.005269   0.01039   0.09282    0.1085        17       640    0.4547    0.7379    0.5426    0.5297  0.004746   0.01329   0.08901
     38/99     5.61G  0.005329   0.01021   0.09248     0.108        16       640     0.471    0.7036    0.5423    0.5308  0.004658   0.01263    0.0892
     39/99     5.61G  0.005069   0.01027   0.09239    0.1077        13       640    0.4553    0.7629     0.552    0.5418  0.004734   0.01348   0.08865
     40/99     5.61G  0.005168   0.01014    0.0927     0.108        18       640    0.4506    0.7835    0.5493    0.5367  0.004844   0.01377   0.08879
     41/99     5.61G  0.004982  0.009998   0.09268    0.1077        12       640    0.4464    0.7665    0.5497     0.537  0.004747   0.01347   0.08816
     42/99     5.61G  0.004986  0.009925   0.09195    0.1069        16       640    0.4208     0.777    0.5343    0.5232  0.004764   0.01342   0.09041
     43/99     5.61G  0.004802   0.01012   0.09238    0.1073        12       640    0.4709    0.7382    0.5436    0.5289  0.005035   0.01354   0.08743
     44/99     5.61G  0.004749    0.0101   0.09171    0.1066        13       640    0.4459    0.7889    0.5531    0.5421  0.004653   0.01297   0.08802
     45/99     5.61G  0.004735   0.01012   0.09208    0.1069        13       640    0.4454    0.7653    0.5513    0.5384   0.00457   0.01313   0.08834
     46/99     5.61G  0.004596  0.009854   0.09163    0.1061        12       640    0.4528    0.7759    0.5533    0.5424   0.00463   0.01301   0.08717
     47/99     5.61G  0.004508  0.009889   0.09016    0.1046        15       640    0.4736    0.7555    0.5503      0.54   0.00458   0.01328   0.08785
     48/99     5.61G  0.004616  0.009933   0.09016    0.1047        28       640    0.4576     0.779     0.553    0.5415  0.004906   0.01384   0.08808
     49/99     5.61G  0.004368  0.009932   0.09052    0.1048        19       640    0.4891    0.7517    0.5645    0.5539  0.004682   0.01338   0.08849
     50/99     5.61G   0.00443  0.009825   0.08863    0.1029        12       640    0.4794    0.7831    0.5719    0.5631  0.004538   0.01329   0.08597
     51/99     5.61G  0.004422  0.009752   0.08939    0.1036        16       640    0.4936    0.7387    0.5687     0.558  0.004677   0.01311   0.08602
     52/99     5.61G  0.004307  0.009738   0.09024    0.1043        15       640    0.4819    0.7513    0.5665    0.5564  0.004606   0.01337   0.08774
     53/99     5.61G  0.004205  0.009749   0.08903     0.103        17       640    0.4705    0.7436    0.5548    0.5448  0.004652   0.01348   0.08805
     54/99     5.61G  0.004227  0.009738   0.08862    0.1026        13       640    0.4871    0.7319    0.5659    0.5553  0.004584   0.01332   0.08669
     55/99     5.61G  0.004111  0.009702    0.0887    0.1025        15       640    0.4801      0.74    0.5656    0.5549  0.004651   0.01328   0.08693
     56/99     5.61G  0.003982  0.009646   0.08817    0.1018        15       640    0.4979     0.738    0.5722    0.5629  0.004433    0.0131   0.08629
     57/99     5.61G  0.004015  0.009481   0.08763    0.1011        13       640    0.4819    0.7261    0.5622    0.5531   0.00451   0.01289   0.08747
     58/99     5.61G  0.003898   0.00954   0.08822    0.1017        16       640    0.4797    0.7597    0.5672    0.5584  0.004527   0.01395   0.08618
     59/99     5.61G    0.0039  0.009448   0.08683    0.1002        16       640    0.4821    0.7663     0.566    0.5564  0.004537   0.01331   0.08653
     60/99     5.61G  0.003768  0.009446   0.08793    0.1011        15       640    0.4953    0.7276     0.567    0.5585  0.004446   0.01374   0.08599
     61/99     5.61G  0.003797   0.00949   0.08661    0.0999        14       640    0.5005    0.7381    0.5679    0.5586  0.004663   0.01368   0.08645
     62/99     5.61G  0.003785  0.009394   0.08591   0.09909        12       640    0.4833    0.7516    0.5687    0.5606  0.004375   0.01293    0.0864
     63/99     5.61G  0.003704  0.009326   0.08622   0.09925        17       640    0.4907    0.7512     0.571    0.5629  0.004546   0.01366   0.08684
     64/99     5.61G   0.00367  0.009243   0.08685   0.09976        20       640    0.4881    0.7606    0.5765    0.5671  0.004613   0.01356   0.08523
     65/99     5.61G  0.003586  0.009216   0.08559   0.09839        18       640    0.5079    0.7377    0.5786    0.5703  0.004542   0.01327   0.08527
     66/99     5.61G  0.003567  0.009288    0.0855   0.09835        21       640    0.5013    0.7397    0.5818    0.5729  0.004425   0.01337    0.0856
     67/99     5.61G  0.003495  0.009198   0.08491    0.0976        12       640    0.4753    0.7824    0.5778    0.5692  0.004539   0.01335   0.08645
     68/99     5.61G  0.003513  0.009344    0.0841   0.09696        19       640    0.5124    0.7287    0.5845    0.5761  0.004411   0.01323   0.08487
     69/99     5.61G  0.003462  0.009016   0.08435   0.09683        15       640    0.5013     0.756     0.588    0.5793  0.004355   0.01391   0.08526
     70/99     5.61G  0.003402  0.009142   0.08412   0.09667        13       640    0.4867    0.7832    0.5861    0.5771  0.004384   0.01335   0.08445
     71/99     5.61G  0.003365  0.009025   0.08495   0.09734        14       640    0.4952    0.7472    0.5797     0.571  0.004373   0.01375   0.08523
     72/99     5.61G   0.00333  0.009038    0.0845   0.09687        16       640    0.4967    0.7545    0.5853    0.5762  0.004401    0.0134   0.08473
     73/99     5.61G  0.003303  0.008949   0.08281   0.09506        16       640     0.496    0.7549    0.5909    0.5817  0.004498   0.01345   0.08475
     74/99     5.61G  0.003248    0.0091     0.084   0.09635        16       640    0.5147    0.7153    0.5877     0.579  0.004285   0.01306    0.0846
     75/99     5.61G   0.00321  0.008836   0.08221   0.09426        12       640    0.5044     0.733    0.5913    0.5827  0.004408   0.01331   0.08424
     76/99     5.61G  0.003182  0.008824   0.08162   0.09362        17       640    0.4925    0.7664    0.5896    0.5801  0.004415   0.01341   0.08447
     77/99     5.61G  0.003183  0.009002   0.08262   0.09481        15       640    0.5098    0.7401     0.593    0.5846  0.004316    0.0133   0.08459
     78/99     5.61G  0.003112  0.008866   0.08205   0.09403        15       640    0.5046     0.743    0.5905    0.5821  0.004307   0.01333   0.08437
     79/99     5.61G  0.003119  0.008933   0.08198   0.09404        15       640    0.5089    0.7321      0.58    0.5708  0.004383   0.01337   0.08587
     80/99     5.61G  0.003089  0.008977   0.08214    0.0942        15       640    0.5131    0.7225    0.5824    0.5727  0.004397   0.01363   0.08489
     81/99     5.61G  0.003084  0.008721   0.08102   0.09282        17       640    0.4953    0.7553    0.5812    0.5727  0.004346   0.01358   0.08573
     82/99     5.61G  0.003084  0.008925   0.08096   0.09297        13       640    0.5112    0.7171    0.5829    0.5743  0.004367   0.01349   0.08565
     83/99     5.61G  0.003051  0.008848   0.08097   0.09287        15       640    0.4988    0.7491     0.588      0.58  0.004319   0.01367   0.08509
     84/99     5.61G  0.003049  0.008926   0.07922   0.09119        18       640    0.4821    0.7842    0.5895    0.5802  0.004276   0.01351   0.08541
     85/99     5.61G   0.00299  0.008762   0.07984    0.0916        19       640    0.5045    0.7423    0.5855    0.5768   0.00435   0.01341   0.08579
     86/99     5.61G  0.002969  0.008718   0.07942   0.09111        12       640    0.4929    0.7572    0.5842    0.5759   0.00431   0.01356   0.08587
     87/99     5.61G  0.003005  0.008765   0.07977   0.09154        16       640    0.4894    0.7654    0.5838     0.575  0.004299   0.01345    0.0861
     88/99     5.61G  0.002953  0.008712   0.08021   0.09187        21       640     0.518    0.7127     0.586    0.5779  0.004312   0.01358    0.0862
     89/99     5.61G   0.00295  0.008655   0.07915   0.09076        14       640    0.5319    0.6849    0.5864    0.5779  0.004293   0.01343   0.08559
     90/99     5.61G  0.002974   0.00877   0.07912   0.09086        13       640    0.4885    0.7682    0.5879    0.5794  0.004306   0.01351   0.08573
     91/99     5.61G  0.002893   0.00861    0.0795     0.091        16       640    0.5018    0.7151    0.5819    0.5738  0.004324   0.01352   0.08612
     92/99     5.61G  0.002907  0.008806   0.07766   0.08938        18       640    0.4774    0.7791    0.5861     0.578    0.0043   0.01341   0.08603
     93/99     5.61G  0.002878  0.008565   0.07807   0.08951        15       640    0.4912     0.762    0.5852     0.577  0.004251   0.01331   0.08623
     94/99     5.61G  0.002901  0.008795   0.07841   0.09011        21       640      0.51    0.7134    0.5858    0.5773   0.00428   0.01321   0.08614
     95/99     5.61G  0.002876  0.008753   0.07757    0.0892        15       640    0.4817    0.7689    0.5825    0.5739  0.004288   0.01327   0.08681
     96/99     5.61G  0.002884  0.008688   0.07763    0.0892        14       640    0.4917    0.7698    0.5845    0.5756  0.004316   0.01333   0.08667
     97/99     5.61G  0.002852  0.008523   0.07756   0.08894        12       640    0.4917    0.7587    0.5823    0.5736   0.00431   0.01351   0.08666
     98/99     5.61G  0.002861  0.008589   0.07703   0.08848        15       640    0.4948    0.7552    0.5829     0.574  0.004301   0.01354   0.08679
     99/99     5.61G  0.002855  0.008637   0.07692   0.08841        18       640    0.4977    0.7389    0.5822    0.5733  0.004309   0.01352   0.08685
