       0.2      0.997      0.225      0.221    0.00493     0.0125     0.0541    0.00102      0.199      0.977    0.00049       2.94      0.672      0.098     0.0611      0.533       1.13       1.03      0.995        0.2       4.31       2.12          0     0.0114      0.525       0.39       0.11      0.131      0.524     0.0988          0    0.00993      0.491      0.161      0.121
       0.2      0.997       0.22      0.217    0.00527     0.0129       0.05    0.00102      0.199       0.94     0.0005       2.93      0.798      0.106     0.0501      0.533      0.999       1.03      0.957        0.2          4       2.12          0      0.015      0.725      0.384      0.103        0.1      0.501     0.0994          0     0.0102        0.5      0.202      0.101
       0.2      0.994       0.22      0.216    0.00574     0.0125     0.0532    0.00106      0.203      0.951     0.0005       2.93      0.798      0.109       0.05      0.555       1.03       1.01      0.928        0.2       4.12          2          0      0.015       0.75      0.388      0.102     0.0982      0.505     0.0961          0     0.0102      0.509      0.207        0.1
       0.2      0.996       0.22      0.215    0.00621     0.0137     0.0507    0.00105      0.193      0.928    0.00048       3.09       0.76      0.106      0.051      0.533       1.02       1.01      0.922        0.2       3.97       2.16          0      0.015      0.725      0.384      0.105      0.103      0.474        0.1          0     0.0102      0.504      0.202     0.0984
       0.2      0.998      0.219      0.215    0.00533     0.0144     0.0461    0.00119        0.2       0.94    0.00049       2.84      0.798      0.119     0.0502       0.46       1.11       1.25      0.957        0.2       4.09       2.14          0      0.015      0.635      0.348      0.104      0.104      0.501      0.114          0     0.0102      0.513      0.202     0.0978
       0.2      0.994      0.217      0.215    0.00477     0.0104     0.0513      0.001      0.208      0.954    0.00056       2.96       0.83      0.119     0.0505      0.538       1.02       1.01      0.852        0.2       3.45        2.1          0     0.0137      0.604      0.385      0.099      0.108      0.485     0.0992          0     0.0102        0.5      0.216      0.101
       0.2      0.999      0.218      0.214    0.00476      0.012     0.0486    0.00105      0.202       0.98    0.00066       3.34        0.8     0.0867       0.05      0.509       1.03          1          1        0.2       4.85       3.87          0      0.015      0.822      0.431        0.1        0.1        0.5     0.0887          0     0.0109      0.537      0.164      0.131
     0.202      0.972      0.218      0.214    0.00578     0.0133      0.047      0.001        0.2      0.937     0.0005          3        0.8        0.1       0.05        0.5          1          1          1        0.2          4          2          0      0.015        0.7        0.4        0.1        0.1        0.5        0.1          0       0.01        0.5        0.2        0.1
     0.201      0.992      0.218      0.214    0.00517     0.0127     0.0487    0.00102      0.198      0.941     0.0005       2.96      0.798      0.105     0.0498      0.521      0.992       1.03      0.971        0.2          4       2.12          0      0.015      0.734       0.39      0.104     0.0981        0.5     0.0983          0     0.0102      0.492      0.202        0.1
       0.2      0.996      0.216      0.212    0.00392     0.0133     0.0451    0.00096      0.226      0.937     0.0005          3       0.78      0.117     0.0331       0.48          1          1       1.04        0.2        4.3          2          0      0.015        0.7      0.337     0.0768      0.114        0.5      0.106          0     0.0108      0.537      0.255     0.0893
     0.201      0.986      0.215      0.212    0.00529     0.0149     0.0523    0.00112      0.192      0.932    0.00048          3      0.645      0.097     0.0503      0.525        1.1       1.13          1        0.2       3.76       2.23          0     0.0139        0.7      0.459        0.1      0.118      0.467      0.094          0     0.0113      0.529       0.19        0.1
       0.2      0.993      0.215      0.212    0.00593     0.0137     0.0462      0.001        0.2       0.95     0.0005       2.87      0.802     0.0966     0.0494      0.492          1       1.09      0.959        0.2       4.05       2.02          0     0.0155        0.7      0.403      0.107        0.1        0.5      0.101          0    0.00997      0.533      0.192     0.0902
       0.2      0.992      0.214      0.211     0.0057     0.0131      0.045    0.00108      0.206      0.939    0.00049          3        0.8     0.0965       0.05      0.479          1          1       1.04        0.2       4.05          2          0     0.0157        0.7      0.402     0.0965      0.102      0.531      0.113          0    0.00982        0.5      0.222     0.0945
       0.2      0.996      0.213       0.21    0.00568     0.0137     0.0496    0.00101      0.199       0.94     0.0005       2.89      0.775      0.106       0.05      0.521       1.02       1.04      0.956        0.2       4.05       2.13          0     0.0154      0.725      0.391      0.103      0.101      0.494      0.101          0     0.0102      0.514      0.201     0.0997
     0.201      0.983      0.217      0.208    0.00791     0.0114     0.0472    0.00115      0.144      0.895    0.00035          3      0.817        0.1     0.0474      0.452       1.18      0.686          1        0.2       4.39       2.23          0     0.0145      0.776      0.402     0.0883      0.113      0.411      0.114          0    0.00973      0.461      0.217     0.0974
       0.2      0.996      0.212      0.208     0.0051     0.0122     0.0505    0.00108      0.199       0.94     0.0005       3.08      0.833      0.104     0.0443      0.554      0.953       1.03      0.895        0.2       4.49          2          0     0.0138      0.698      0.384      0.107     0.0971      0.549      0.101          0     0.0102      0.516      0.215      0.094
