     0.224      0.858      0.262      0.251     0.0035    0.00594     0.0231    0.00228      0.546       0.98    0.00035        2.9       0.86      0.104     0.0389      0.793      0.852       1.76      0.963        0.2       5.28          0          0    0.00721      0.023     0.0888          0          0          0          0          0      0.161     0.0826          0          0
     0.227      0.835      0.272      0.249    0.00379    0.00612     0.0239    0.00219      0.546      0.968    0.00036       2.86       0.86      0.104     0.0377      0.811      0.871        1.8      0.963        0.2       5.08          0          0     0.0068     0.0241      0.101          0          0          0          0          0      0.143     0.0838          0          0
      0.22      0.841      0.269      0.249    0.00333    0.00844     0.0233    0.00214      0.564      0.968    0.00034       2.89       0.95      0.104     0.0345      0.813      0.829       1.77      0.957        0.2       4.83          0          0    0.00662     0.0244      0.104          0          0          0          0          0      0.141     0.0831          0          0
      0.22      0.868      0.264      0.248    0.00323    0.00895     0.0231    0.00197      0.564       0.98    0.00035       2.84      0.842      0.111     0.0345      0.813      0.829       2.07      0.887        0.2       4.82          0          0    0.00837     0.0229     0.0998          0          0          0          0          0      0.141     0.0841          0          0
     0.226      0.784      0.271      0.247    0.00303    0.00757     0.0229    0.00193      0.596      0.977    0.00032       2.84      0.842      0.107     0.0316      0.791      0.855       2.07      0.887        0.2       4.82          0          0      0.008     0.0221        0.1          0          0          0          0          0      0.143     0.0829          0          0
     0.222      0.838      0.269      0.247    0.00334      0.006     0.0218    0.00214      0.564      0.975     0.0003       2.66       0.95      0.119     0.0345      0.739      0.869       1.46       1.11        0.2       4.84          0          0     0.0073     0.0307       0.13          0          0          0          0          0       0.18     0.0905          0          0
     0.226      0.786      0.269      0.247    0.00353    0.00889     0.0227     0.0021      0.561      0.977    0.00033       2.87      0.946      0.103     0.0351      0.802      0.829       1.72      0.946        0.2       4.79          0          0    0.00668     0.0244      0.105          0          0          0          0          0      0.144     0.0831          0          0
     0.211       0.93      0.259      0.248     0.0034    0.00602     0.0201    0.00234       0.56       0.98    0.00043       2.89       0.95      0.113     0.0367      0.813      0.661       1.44       0.83        0.2       4.83          0          0    0.00611      0.018      0.101          0          0          0          0          0      0.141     0.0724          0          0
     0.224       0.84      0.271      0.246    0.00318     0.0085     0.0234    0.00195      0.567       0.98    0.00035       2.84      0.833      0.112     0.0345      0.812      0.842       2.07      0.887        0.2        4.9          0          0    0.00835     0.0225     0.0998          0          0          0          0          0       0.14     0.0817          0          0
     0.226      0.839       0.27      0.246    0.00314    0.00965     0.0243    0.00151      0.783       0.98    0.00039       2.84      0.855     0.0929      0.032      0.813      0.888        2.1      0.942        0.2       4.82          0          0    0.00837     0.0278      0.126          0          0          0          0          0      0.158     0.0818          0          0
     0.215      0.894      0.263      0.246    0.00348    0.00896     0.0233    0.00215      0.559      0.978    0.00034       2.82       0.95      0.113     0.0362      0.807      0.829       1.77       1.13        0.2       4.49          0          0    0.00599     0.0231      0.104          0          0          0          0          0      0.148     0.0787          0          0
     0.217      0.871      0.263      0.246    0.00355    0.00796     0.0188     0.0022      0.591      0.973    0.00034       2.89       0.95      0.105     0.0367      0.725      0.713       1.77      0.957        0.2       4.89          0          0    0.00592     0.0239       0.11          0          0          0          0          0      0.145      0.087          0          0
      0.22       0.85      0.267      0.245     0.0034    0.00603     0.0232    0.00209      0.564      0.968    0.00033       2.98      0.849      0.121     0.0353      0.835      0.803       1.96      0.827        0.2       4.91          0          0    0.00833     0.0226     0.0965          0          0          0          0          0      0.141      0.086          0          0
     0.221      0.874      0.266      0.245    0.00376    0.00692     0.0256    0.00226      0.497       0.98    0.00037       4.08      0.692     0.0956     0.0393      0.793       1.01       2.01      0.871        0.2       4.66          0          0    0.00721     0.0226     0.0886          0          0          0          0          0     0.0921     0.0747          0          0
     0.219      0.863      0.259      0.245    0.00369    0.00652     0.0233    0.00228      0.546       0.98    0.00035        2.9      0.861      0.104     0.0388      0.793      0.851       1.76      0.962        0.2       5.28          0          0    0.00722      0.023     0.0888          0          0          0          0          0      0.161     0.0826          0          0
     0.223      0.859      0.265      0.244    0.00342    0.00758     0.0235    0.00214      0.564      0.968    0.00034       2.89       0.95      0.104     0.0345      0.813       0.83       1.77      0.956        0.2       4.83          0          0    0.00662     0.0244      0.104          0          0          0          0          0      0.141     0.0831          0          0
     0.226       0.86      0.263      0.244    0.00363     0.0063     0.0235    0.00219      0.528       0.98    0.00036        2.9      0.859      0.104     0.0389      0.793      0.859       1.77      0.954        0.2       5.18          0          0    0.00706     0.0233     0.0884          0          0          0          0          0      0.161     0.0806          0          0
     0.219      0.867      0.259      0.244    0.00366    0.00554      0.025    0.00202      0.566      0.973    0.00037       2.66       0.95     0.0954     0.0377      0.865      0.829       1.63      0.997        0.2       4.42          0          0     0.0075      0.024      0.105          0          0          0          0          0      0.155     0.0762          0          0
     0.218      0.858      0.258      0.244    0.00372    0.00544     0.0238    0.00228      0.534       0.98    0.00034       2.67       0.86      0.104     0.0402      0.793      0.897       1.76      0.984        0.2       5.27          0          0    0.00717     0.0224     0.0889          0          0          0          0          0      0.171     0.0867          0          0
     0.211      0.956      0.258      0.244    0.00334    0.00785     0.0237    0.00204      0.564       0.98    0.00035        2.8      0.842      0.111     0.0349      0.835      0.823       2.03      0.917        0.2       4.91          0          0     0.0084     0.0226     0.0998          0          0          0          0          0       0.14     0.0854          0          0
     0.223      0.867      0.264      0.243    0.00371    0.00713      0.027    0.00218      0.564      0.968    0.00034       2.65       0.95     0.0893      0.037      0.899      0.897       1.81      0.957        0.2       4.64          0          0    0.00574     0.0238     0.0976          0          0          0          0          0      0.141     0.0735          0          0
     0.228      0.831       0.27      0.242    0.00349    0.00671     0.0259    0.00176      0.593       0.98    0.00031       2.83      0.909      0.103     0.0345      0.904       0.82       1.74       1.07        0.2       5.14          0          0    0.00671     0.0261     0.0915          0          0          0          0          0      0.132     0.0701          0          0
     0.222      0.786      0.268      0.242    0.00325    0.00538     0.0229    0.00213      0.576      0.967    0.00034       2.91      0.928      0.104     0.0339      0.802      0.829       1.72      0.924        0.2       4.83          0          0    0.00665     0.0239      0.107          0          0          0          0          0      0.145     0.0831          0          0
      0.22      0.865      0.265      0.242    0.00427    0.00598     0.0223    0.00197       0.39      0.973    0.00038       2.98      0.912      0.127     0.0426      0.748      0.893       2.17      0.803        0.2       4.82          0          0    0.00601     0.0188     0.0998          0          0          0          0          0      0.141     0.0663          0          0
     0.209      0.931      0.261      0.242    0.00374    0.00667     0.0238    0.00226      0.546       0.98    0.00035        2.9      0.872      0.105     0.0389      0.793      0.864       1.76      0.951        0.2       5.28          0          0     0.0071      0.023     0.0888          0          0          0          0          0      0.161     0.0815          0          0
      0.22      0.846      0.257      0.242    0.00336    0.00847     0.0221    0.00214      0.601       0.98    0.00034        2.8      0.932      0.113     0.0351      0.778      0.829       1.77      0.886        0.2        4.7          0          0    0.00593     0.0246      0.102          0          0          0          0          0      0.123     0.0871          0          0
     0.219      0.882      0.265      0.241    0.00394    0.00801     0.0227    0.00229      0.546       0.98    0.00035       2.93      0.858      0.103     0.0388      0.793      0.826       1.74      0.963        0.2       5.35          0          0    0.00721     0.0229     0.0894          0          0          0          0          0      0.161     0.0844          0          0
     0.225      0.751       0.26      0.241    0.00322    0.00643     0.0211    0.00254      0.564      0.961    0.00029       3.35      0.891     0.0886     0.0345      0.744      0.821       1.77       1.05        0.2       4.83          0          0    0.00662      0.025      0.104          0          0          0          0          0      0.163     0.0888          0          0
     0.226      0.775      0.257      0.241    0.00341    0.00656     0.0192    0.00267      0.637       0.98    0.00034       3.01       0.86     0.0982     0.0389      0.663      0.852       1.54      0.885        0.2       4.83          0          0    0.00721     0.0236     0.0933          0          0          0          0          0      0.163     0.0724          0          0
     0.224      0.816      0.254      0.241     0.0031    0.00684     0.0228    0.00214      0.564      0.977    0.00037       2.92       0.95      0.104     0.0339      0.842      0.755       1.89      0.948        0.2       4.24          0          0    0.00623      0.024      0.107          0          0          0          0          0      0.149     0.0701          0          0
     0.222      0.878      0.262       0.24     0.0034    0.00923     0.0234    0.00228      0.581       0.98    0.00034        3.1       0.95     0.0968     0.0345      0.814      0.842       1.79      0.885        0.2       4.41          0          0    0.00662     0.0253      0.112          0          0          0          0          0      0.137     0.0805          0          0
     0.223      0.837      0.259       0.24    0.00329    0.00796     0.0224    0.00191      0.527      0.967    0.00036       3.02       0.95      0.115     0.0336      0.785      0.829       1.75      0.924        0.2       4.86          0          0    0.00689     0.0254      0.104          0          0          0          0          0      0.144     0.0831          0          0
     0.217      0.876      0.264      0.239    0.00312    0.00937     0.0229    0.00256      0.564      0.957    0.00029       2.53       0.95      0.105     0.0326      0.813      0.792       1.77       1.24        0.2       4.83          0          0    0.00734     0.0251      0.101          0          0          0          0          0      0.141     0.0941          0          0
     0.219       0.88      0.264      0.239    0.00397    0.00846     0.0218    0.00188      0.612       0.98    0.00031       2.91       0.95      0.112     0.0389      0.726      0.891       1.56       1.48        0.2       5.28          0          0    0.00739      0.023     0.0996          0          0          0          0          0      0.165     0.0705          0          0
     0.228       0.72      0.263      0.239    0.00348    0.00457     0.0209    0.00221      0.607       0.98    0.00031       3.21      0.946      0.126     0.0362      0.687      0.908       1.69      0.722        0.2        3.7          0          0    0.00496     0.0244      0.107          0          0          0          0          0      0.151      0.095          0          0
     0.222      0.832      0.263      0.239    0.00324    0.00584     0.0243    0.00235      0.599       0.98    0.00034       2.89       0.95      0.114     0.0307      0.806      0.886       1.52      0.875        0.2       4.89          0          0    0.00573     0.0234      0.117          0          0          0          0          0      0.141     0.0847          0          0
     0.228      0.724      0.263      0.239    0.00348    0.00508     0.0237    0.00188      0.499       0.98    0.00034       3.57      0.834      0.105     0.0345      0.812      0.868       1.76      0.832        0.2       4.11          0          0    0.00686     0.0244      0.109          0          0          0          0          0      0.123      0.101          0          0
     0.218      0.902       0.26      0.239    0.00389     0.0101      0.022    0.00218      0.546       0.98    0.00035       2.76       0.95      0.104     0.0398      0.762      0.835       1.81       1.04        0.2          5          0          0    0.00717      0.023     0.0772          0          0          0          0          0      0.175     0.0868          0          0
     0.217      0.921       0.26      0.239    0.00277    0.00483     0.0229    0.00216      0.512      0.978    0.00034       3.06      0.856     0.0947     0.0298      0.717      0.978       1.53      0.976        0.2       4.83          0          0    0.00607     0.0244       0.11          0          0          0          0          0      0.149     0.0881          0          0
     0.216      0.888      0.259      0.239    0.00361    0.00793     0.0234    0.00224      0.534      0.969    0.00035       2.96      0.945     0.0989     0.0365      0.813      0.831       1.76      0.957        0.2       4.93          0          0     0.0062     0.0224      0.105          0          0          0          0          0      0.139     0.0831          0          0
     0.211      0.847       0.25       0.24    0.00372    0.00558     0.0198    0.00225      0.564      0.968    0.00031       2.37      0.828     0.0889     0.0394      0.687      0.829        1.8      0.851        0.2       4.83          0          0    0.00585      0.025      0.116          0          0          0          0          0      0.157     0.0794          0          0
     0.219      0.866      0.255      0.239    0.00331     0.0052     0.0227     0.0021      0.564      0.962    0.00034       2.92       0.95      0.105     0.0345      0.805      0.817       1.75      0.937        0.2       4.71          0          0    0.00657     0.0244      0.104          0          0          0          0          0      0.144     0.0831          0          0
     0.222      0.863      0.261      0.238    0.00407    0.00849     0.0293    0.00228      0.681       0.98    0.00032       3.58       0.86     0.0953     0.0404      0.997      0.852       1.69       1.12        0.2       5.28          0          0    0.00796     0.0162      0.108          0          0          0          0          0      0.114     0.0697          0          0
     0.223       0.81      0.261      0.238     0.0031    0.00874      0.027    0.00195      0.599       0.98    0.00036       2.61       0.95      0.104     0.0315      0.903      0.873       1.86       1.01        0.2       4.09          0          0    0.00662     0.0267     0.0978          0          0          0          0          0      0.141     0.0806          0          0
      0.22      0.848       0.26      0.238    0.00331    0.00852     0.0236    0.00214      0.561      0.968    0.00034       2.89       0.95      0.105     0.0348      0.813      0.839       1.78      0.941        0.2       4.89          0          0    0.00662     0.0245      0.105          0          0          0          0          0       0.14     0.0828          0          0
     0.217      0.852      0.259      0.238    0.00321    0.00839     0.0212    0.00226      0.562       0.98     0.0004        2.9      0.921      0.115     0.0335       0.78      0.759       1.76       1.03        0.2       5.21          0          0      0.007     0.0231     0.0838          0          0          0          0          0      0.133      0.084          0          0
     0.229      0.741      0.264      0.237    0.00572    0.00618      0.021     0.0018      0.497       0.98    0.00033       3.14      0.898     0.0998      0.034      0.631      0.859       2.07      0.887        0.2       6.11          0          0    0.00837     0.0439     0.0959          0          0          0          0          0      0.141     0.0833          0          0
     0.211      0.926      0.255      0.238    0.00386    0.00821     0.0234    0.00225      0.551       0.98    0.00035       2.83      0.825      0.106     0.0415      0.786      0.872       1.86      0.975        0.2       5.25          0          0    0.00721     0.0251     0.0852          0          0          0          0          0      0.161     0.0813          0          0
     0.227      0.761      0.262      0.237    0.00361    0.00924     0.0243    0.00194      0.569      0.974    0.00034       2.67       0.89      0.109     0.0353      0.852      0.829       2.07      0.897        0.2        4.4          0          0    0.00899     0.0234     0.0927          0          0          0          0          0      0.141     0.0843          0          0
     0.208      0.967      0.251      0.238    0.00338    0.00647     0.0233    0.00228      0.546       0.98    0.00034       2.66      0.838     0.0972      0.036      0.776      0.884       1.89       0.87        0.2       5.27          0          0    0.00721     0.0224     0.0821          0          0          0          0          0      0.172     0.0852          0          0
     0.219      0.865       0.26      0.237    0.00404     0.0061     0.0225    0.00228       0.54      0.977    0.00035       2.91      0.883      0.101     0.0389      0.788      0.815       1.83      0.956        0.2       5.28          0          0    0.00741     0.0237      0.087          0          0          0          0          0      0.164     0.0832          0          0
     0.217      0.912      0.271      0.235    0.00781     0.0112     0.0362    0.00202      0.386       0.98    0.00029          5       0.95       0.13     0.0258      0.813       1.02       2.07       1.03        0.2       6.38          0          0    0.00837     0.0482     0.0959          0          0          0          0          0      0.177     0.0888          0          0
     0.225      0.819      0.259      0.236    0.00456    0.00471     0.0228     0.0023      0.617      0.952    0.00036       3.17      0.928      0.101      0.043      0.776      0.858        1.7      0.904        0.2       5.24          0          0    0.00687     0.0251     0.0888          0          0          0          0          0      0.162     0.0777          0          0
     0.208      0.946      0.259      0.236    0.00379    0.00736     0.0236    0.00214      0.564      0.968    0.00028       2.63       0.95      0.105     0.0368      0.813      0.839       1.64      0.909        0.2       5.09          0          0    0.00609     0.0257      0.104          0          0          0          0          0      0.144     0.0831          0          0
     0.221      0.811      0.255      0.236    0.00285    0.00428     0.0233      0.002      0.664       0.98    0.00027       3.25      0.894      0.102     0.0302      0.853      0.771       1.77      0.721        0.2       4.83          0          0    0.00625     0.0167        0.1          0          0          0          0          0      0.146     0.0831          0          0
     0.224      0.778      0.263      0.235    0.00269    0.00708     0.0236    0.00214      0.571      0.954    0.00034       2.74      0.903      0.095     0.0261      0.907      0.726       1.89       0.93        0.2       4.83          0          0    0.00861     0.0223      0.104          0          0          0          0          0      0.161     0.0825          0          0
      0.22       0.83      0.263      0.235     0.0027    0.00797     0.0197     0.0012      0.503       0.98    0.00033       2.45      0.925     0.0922     0.0227      0.626      0.913       2.36      0.953        0.2        5.7          0          0    0.00837     0.0354     0.0873          0          0          0          0          0      0.141     0.0778          0          0
      0.22      0.874      0.263      0.235    0.00363    0.00836     0.0229    0.00197      0.463       0.98    0.00035       2.37      0.842      0.105     0.0345       0.81      0.822       2.37      0.954        0.2       4.71          0          0    0.00837     0.0229     0.0998          0          0          0          0          0      0.141     0.0873          0          0
     0.222      0.814      0.257      0.235    0.00351    0.00694     0.0225    0.00204      0.563      0.968    0.00034       2.89       0.95      0.107     0.0341      0.804      0.798       1.85      0.923        0.2       4.56          0          0    0.00638      0.024      0.104          0          0          0          0          0      0.141     0.0901          0          0
     0.212      0.896      0.255      0.235    0.00336    0.00546     0.0241    0.00185      0.618      0.961    0.00034       3.02       0.95      0.106     0.0333      0.841      0.829       1.74      0.884        0.2       4.83          0          0    0.00646     0.0252      0.107          0          0          0          0          0      0.148     0.0754          0          0
     0.222      0.723      0.263      0.234    0.00352    0.00717     0.0245    0.00183      0.562      0.968    0.00032       2.89      0.819      0.104     0.0359      0.813      0.909       2.11      0.957        0.2       4.05          0          0    0.00601     0.0244     0.0891          0          0          0          0          0      0.107     0.0796          0          0
     0.221       0.86      0.263      0.234     0.0037    0.00894     0.0232    0.00213      0.562      0.967    0.00034       2.89       0.95      0.104     0.0344      0.815      0.826       1.78      0.963        0.2       4.87          0          0     0.0066     0.0244      0.105          0          0          0          0          0      0.142     0.0825          0          0
     0.205       0.93      0.248      0.235    0.00412    0.00606     0.0232    0.00209      0.397       0.98    0.00022        2.9       0.95     0.0848     0.0425      0.793      0.843       1.91      0.687        0.2       4.84          0          0    0.00688     0.0248      0.098          0          0          0          0          0      0.111     0.0826          0          0
     0.209      0.886      0.256      0.234    0.00284    0.00428     0.0163    0.00202      0.494       0.98    0.00039       3.51      0.898     0.0735     0.0307      0.586      0.806       1.95      0.887        0.2       3.18          0          0    0.00963     0.0439     0.0849          0          0          0          0          0      0.141     0.0833          0          0
     0.223      0.767      0.261      0.233    0.00325     0.0083     0.0207    0.00211      0.572      0.963    0.00034       3.02       0.95      0.107     0.0305      0.742      0.796       1.77      0.983        0.2       5.13          0          0    0.00578     0.0238     0.0992          0          0          0          0          0      0.141     0.0796          0          0
      0.22      0.841      0.256      0.233    0.00248    0.00805     0.0197    0.00216      0.523       0.98     0.0004       2.66      0.894      0.101     0.0244      0.678      0.837       2.05      0.746        0.2       3.86          0          0    0.00842     0.0197     0.0994          0          0          0          0          0      0.146     0.0635          0          0
     0.202      0.966      0.252      0.233     0.0058    0.00641     0.0221     0.0018       0.47       0.97    0.00032       3.36      0.895     0.0987     0.0361      0.664      0.901        1.9      0.917        0.2       6.15          0          0    0.00848     0.0439     0.0905          0          0          0          0          0      0.134     0.0833          0          0
     0.222      0.788      0.259      0.232    0.00385    0.00611      0.025    0.00198      0.567      0.958    0.00037       2.89      0.917      0.122     0.0367      0.793      0.961       1.75      0.955        0.2       5.12          0          0    0.00595     0.0249     0.0942          0          0          0          0          0      0.161     0.0781          0          0
      0.22      0.811       0.25      0.233    0.00329    0.00623     0.0227    0.00224      0.505       0.98    0.00035       2.99       0.86      0.101     0.0351      0.777      0.852       1.76      0.963        0.2       5.01          0          0    0.00713     0.0247     0.0888          0          0          0          0          0      0.161     0.0784          0          0
     0.227      0.814      0.259      0.232    0.00302    0.00738     0.0267    0.00237      0.585      0.962    0.00038       2.98       0.95      0.108     0.0289      0.923      0.845       1.94       0.96        0.2       5.24          0          0     0.0067     0.0244      0.106          0          0          0          0          0      0.156     0.0779          0          0
     0.213      0.875      0.248      0.233    0.00373     0.0106     0.0228    0.00174      0.564      0.973    0.00035       2.84      0.908      0.111     0.0378       0.79      0.829        2.2       1.03        0.2       4.82          0          0    0.00813     0.0229     0.0992          0          0          0          0          0      0.141     0.0841          0          0
     0.216      0.928      0.254      0.232    0.00341    0.00805     0.0228    0.00247      0.613       0.98    0.00025       3.18      0.621      0.108     0.0345      0.854       0.72       2.09      0.997        0.2       5.05          0          0    0.00802     0.0242      0.103          0          0          0          0          0      0.116      0.084          0          0
     0.212      0.923      0.251      0.232     0.0039    0.00575     0.0248    0.00231      0.539      0.968    0.00035       2.98      0.756      0.104     0.0389      0.846      0.852       1.76       1.02        0.2       5.39          0          0    0.00669     0.0253     0.0939          0          0          0          0          0      0.153     0.0851          0          0
      0.22      0.804      0.258      0.231    0.00337    0.00885     0.0225    0.00228      0.486      0.955    0.00027       2.76      0.928      0.106      0.032      0.779      0.852       2.08      0.915        0.2       4.63          0          0    0.00539      0.023     0.0833          0          0          0          0          0      0.138     0.0826          0          0
     0.211       0.91      0.255      0.231    0.00372    0.00642     0.0236    0.00236      0.531       0.98    0.00035       2.77      0.838      0.104     0.0369      0.793      0.869        1.8      0.963        0.2       5.28          0          0    0.00718      0.023     0.0856          0          0          0          0          0      0.165     0.0817          0          0
     0.216      0.801      0.254      0.231    0.00474    0.00584     0.0191     0.0018      0.508       0.98    0.00033       3.04      0.898     0.0989     0.0347      0.626      0.859       1.93      0.909        0.2       5.96          0          0    0.00848      0.045     0.0974          0          0          0          0          0       0.14     0.0813          0          0
     0.206      0.955      0.251      0.231    0.00336    0.00812     0.0244    0.00203      0.514       0.98    0.00035       2.88      0.842      0.107     0.0347      0.855      0.812       1.92      0.938        0.2       4.82          0          0    0.00837     0.0223     0.0876          0          0          0          0          0      0.126     0.0872          0          0
     0.219      0.801      0.258       0.23    0.00277    0.00742      0.025    0.00214       0.65      0.968    0.00033       2.85       0.95      0.104     0.0247      0.813      0.881        1.9      0.957        0.2       4.83          0          0    0.00519     0.0244        0.1          0          0          0          0          0      0.141     0.0836          0          0
     0.201      0.989      0.248      0.231    0.00545    0.00711     0.0225    0.00221      0.677       0.98    0.00033        2.9      0.639     0.0922     0.0561       0.74      0.889       2.12      0.999        0.2       5.44          0          0    0.00745     0.0199      0.107          0          0          0          0          0      0.182     0.0788          0          0
     0.215      0.877      0.256       0.23    0.00352    0.00821     0.0226    0.00211      0.455       0.98    0.00038       2.92      0.842      0.134     0.0345      0.813      0.804       2.15      0.827        0.2       4.31          0          0    0.00837     0.0203     0.0998          0          0          0          0          0       0.13     0.0805          0          0
     0.217      0.843      0.251       0.23    0.00369    0.00643     0.0246    0.00219      0.564       0.97    0.00033        2.4       0.95        0.1     0.0345      0.835      0.868       1.72       1.09        0.2       4.83          0          0    0.00632     0.0242     0.0934          0          0          0          0          0      0.141     0.0872          0          0
     0.211      0.881      0.256      0.229    0.00452    0.00691     0.0228    0.00207      0.546      0.958    0.00034        2.7      0.919      0.103     0.0431       0.81      0.803       1.69      0.963        0.2       5.15          0          0    0.00679      0.023     0.0789          0          0          0          0          0      0.158     0.0801          0          0
     0.204      0.978      0.244       0.23      0.003    0.00937     0.0202    0.00152      0.663       0.98    0.00035        2.7      0.759     0.0983     0.0345      0.813      0.665       2.07      0.993        0.2        4.6          0          0    0.00841     0.0209      0.114          0          0          0          0          0      0.141     0.0929          0          0
     0.209      0.945      0.253      0.229    0.00404    0.00507     0.0219    0.00228      0.547      0.979    0.00036       2.66       0.82      0.109     0.0367      0.746      0.823       1.77      0.935        0.2       5.63          0          0    0.00665     0.0219     0.0874          0          0          0          0          0      0.161     0.0769          0          0
     0.206      0.926      0.253      0.228     0.0102    0.00542     0.0275    0.00204      0.539      0.968    0.00034       3.33       0.95      0.115     0.0345      0.756      0.706       1.72      0.805        0.2       6.42          0          0    0.00959     0.0244     0.0993          0          0          0          0          0      0.178     0.0895          0          0
     0.206      0.913      0.252      0.228    0.00377    0.00566     0.0243    0.00178      0.557      0.965    0.00033        3.2      0.823      0.111     0.0364      0.874      0.799          2       0.86        0.2       4.43          0          0    0.00887     0.0253     0.0998          0          0          0          0          0      0.141     0.0767          0          0
     0.208      0.908      0.249      0.228    0.00487     0.0063     0.0201    0.00178      0.498       0.98    0.00034       3.06      0.898     0.0994      0.034      0.631      0.857       2.07      0.869        0.2       6.05          0          0    0.00852     0.0435     0.0959          0          0          0          0          0       0.14     0.0841          0          0
     0.215      0.853      0.251      0.227    0.00363    0.00724     0.0236    0.00197      0.564       0.98    0.00035       2.82      0.842      0.111     0.0344      0.813      0.838       2.06      0.891        0.2       4.84          0          0    0.00837      0.023     0.0998          0          0          0          0          0      0.142     0.0847          0          0
     0.209      0.895      0.249      0.227    0.00557    0.00609     0.0202    0.00179      0.497      0.976    0.00033       3.15      0.898     0.0998     0.0339      0.615       0.86       1.96      0.887        0.2       6.11          0          0    0.00837     0.0435      0.098          0          0          0          0          0      0.141     0.0864          0          0
     0.214      0.855      0.248      0.227    0.00304    0.00784      0.022    0.00197       0.58      0.966    0.00035       2.69      0.858      0.114     0.0302      0.769      0.829       2.22      0.852        0.2       4.82          0          0    0.00837     0.0229      0.102          0          0          0          0          0      0.148     0.0812          0          0
     0.205      0.945      0.247      0.227    0.00551    0.00616     0.0162     0.0018      0.429       0.98    0.00033        3.2      0.898      0.101     0.0343      0.494      0.851       1.74      0.939        0.2       6.11          0          0    0.00837     0.0402     0.0877          0          0          0          0          0      0.113     0.0858          0          0
     0.219      0.859      0.254      0.226    0.00444    0.00577     0.0248    0.00201      0.489       0.98    0.00035       2.37       0.95      0.104     0.0359      0.821      0.852       2.18      0.639        0.2       5.82          0          0    0.00784      0.023     0.0747          0          0          0          0          0       0.19       0.06          0          0
     0.216      0.878       0.25      0.226    0.00316    0.00874     0.0238    0.00216      0.541       0.98    0.00037       2.89       0.95      0.121     0.0307      0.813      0.857       1.77      0.957        0.2       4.44          0          0    0.00624      0.025      0.104          0          0          0          0          0      0.141     0.0852          0          0
     0.209      0.922      0.255      0.225    0.00308     0.0055     0.0282    0.00123      0.567       0.98    0.00035          3      0.907     0.0823     0.0283      0.888      0.979       1.77      0.893        0.2        4.5          0          0    0.00565     0.0279      0.133          0          0          0          0          0      0.117      0.104          0          0
     0.222      0.701      0.249      0.225    0.00369    0.00674     0.0197    0.00183      0.471      0.951    0.00032       2.99       0.92     0.0767     0.0355       0.69      0.822       2.07      0.884        0.2       5.36          0          0    0.00765     0.0382     0.0831          0          0          0          0          0      0.121     0.0896          0          0
     0.205      0.918      0.247      0.225    0.00589    0.00571     0.0191    0.00231      0.412       0.98    0.00033        3.2      0.876        0.1     0.0343      0.593      0.813       1.68      0.949        0.2       6.27          0          0    0.00642     0.0348     0.0877          0          0          0          0          0      0.109     0.0858          0          0
     0.214      0.915      0.253      0.223    0.00414     0.0117     0.0221    0.00197      0.645      0.953    0.00031       2.93      0.916      0.111     0.0386      0.846      0.718        2.4      0.887        0.2       5.24          0          0    0.00837      0.024     0.0998          0          0          0          0          0      0.101     0.0942          0          0
     0.206       0.95      0.244      0.224    0.00552     0.0085     0.0209     0.0018      0.497       0.98    0.00033       3.15      0.902        0.1      0.034      0.631      0.864       2.07      0.888        0.2        6.1          0          0    0.00836     0.0438      0.096          0          0          0          0          0      0.141     0.0831          0          0
     0.209      0.925      0.243      0.224    0.00541    0.00755     0.0213     0.0018      0.495       0.98    0.00033       3.13      0.897        0.1     0.0341      0.629      0.864       2.08      0.886        0.2       6.12          0          0    0.00837     0.0438     0.0961          0          0          0          0          0      0.141     0.0837          0          0
     0.209      0.867      0.241      0.223    0.00536    0.00598     0.0161    0.00181      0.412       0.98    0.00033       3.08      0.882      0.101     0.0335      0.482      0.873       1.77      0.924        0.2       6.11          0          0    0.00825      0.043     0.0901          0          0          0          0          0      0.111     0.0837          0          0
     0.211      0.944      0.248      0.222    0.00314    0.00441     0.0237    0.00212      0.564      0.977    0.00035       3.79      0.857      0.136     0.0326      0.813      0.859        1.8      0.676        0.2       3.47          0          0     0.0064     0.0149     0.0902          0          0          0          0          0      0.124     0.0783          0          0
     0.206      0.952      0.253      0.221    0.00605     0.0124     0.0191    0.00165       0.45      0.978    0.00033       3.67      0.915      0.101     0.0343      0.572      0.887       2.32      0.893        0.2       6.11          0          0    0.00813     0.0414     0.0859          0          0          0          0          0      0.133       0.08          0          0
     0.205      0.942      0.244      0.222     0.0039    0.00823     0.0151    0.00188      0.548      0.945    0.00036        2.9       0.95      0.111     0.0389      0.669      0.583       1.75       1.22        0.2       3.95          0          0    0.00658     0.0224     0.0972          0          0          0          0          0      0.151     0.0682          0          0
     0.204      0.961      0.242      0.222    0.00475    0.00809     0.0173    0.00197      0.564      0.979    0.00034       2.84      0.911      0.116     0.0416      0.604       0.77       2.15      0.887        0.2       5.76          0          0    0.00971     0.0229      0.142          0          0          0          0          0      0.141     0.0841          0          0
     0.206      0.928       0.24      0.222    0.00332    0.00715     0.0237    0.00198      0.551      0.976    0.00035       3.06      0.842       0.11     0.0336      0.808      0.854       1.96      0.855        0.2       4.92          0          0    0.00837     0.0235     0.0998          0          0          0          0          0      0.141     0.0841          0          0
     0.211      0.896      0.244      0.221    0.00376     0.0044     0.0217    0.00228      0.546      0.963    0.00035        2.5      0.866      0.115     0.0365      0.726      0.884       1.43      0.874        0.2       5.47          0          0    0.00801     0.0239     0.0888          0          0          0          0          0      0.179     0.0777          0          0
      0.22      0.724      0.246       0.22    0.00538    0.00485     0.0303     0.0024      0.627      0.963     0.0003       3.53      0.891      0.121     0.0431      0.963      0.903       1.56      0.757        0.2       5.61          0          0    0.00849     0.0244      0.104          0          0          0          0          0      0.141     0.0912          0          0
     0.208      0.909      0.245       0.22    0.00828    0.00568     0.0303    0.00228      0.546      0.955    0.00039       3.01      0.895      0.104     0.0492      0.897      0.918       1.63      0.963        0.2       6.14          0          0    0.00631     0.0163     0.0888          0          0          0          0          0      0.161     0.0826          0          0
      0.21      0.935      0.244       0.22    0.00371     0.0073     0.0236    0.00214      0.564      0.965    0.00034       2.87      0.949      0.103     0.0345      0.813       0.83       1.79      0.946        0.2       4.82          0          0    0.00662      0.024      0.105          0          0          0          0          0      0.141     0.0816          0          0
     0.212      0.848      0.243       0.22    0.00337    0.00565     0.0222    0.00212      0.604      0.961    0.00036       2.89      0.922      0.103     0.0333      0.796      0.788       1.64      0.957        0.2        4.9          0          0    0.00661     0.0245      0.108          0          0          0          0          0      0.131     0.0831          0          0
     0.207      0.918      0.242      0.219    0.00386    0.00836      0.017     0.0018      0.489       0.98    0.00036          3       0.95     0.0998     0.0375      0.631      0.749       2.08      0.789        0.2        5.4          0          0    0.00888     0.0427      0.105          0          0          0          0          0      0.141     0.0882          0          0
     0.208      0.854      0.241      0.219    0.00433    0.00453     0.0231    0.00214       0.49       0.98    0.00035       3.16       0.86     0.0915     0.0404      0.793       0.84       1.76      0.759        0.2       5.28          0          0    0.00721     0.0208     0.0888          0          0          0          0          0      0.161     0.0914          0          0
     0.201      0.989      0.238      0.219     0.0048    0.00597     0.0235    0.00221      0.363       0.98    0.00032       2.49      0.801      0.104     0.0402      0.774      0.855       1.95      0.782        0.2       5.74          0          0    0.00672     0.0232     0.0853          0          0          0          0          0      0.182     0.0669          0          0
     0.205       0.96      0.235      0.218    0.00362    0.00907     0.0153     0.0018      0.552       0.98     0.0003       3.14       0.89      0.105     0.0286      0.497      0.859       2.11      0.887        0.2       5.92          0          0    0.00846     0.0409     0.0877          0          0          0          0          0      0.147     0.0872          0          0
     0.215      0.846      0.243      0.217    0.00363     0.0082     0.0235    0.00214      0.566      0.968    0.00034       2.87       0.95      0.104     0.0347      0.813      0.829       1.78      0.958        0.2       4.81          0          0    0.00659     0.0244      0.104          0          0          0          0          0       0.14     0.0832          0          0
     0.201      0.979      0.242      0.217    0.00494    0.00555     0.0202    0.00181      0.428       0.98    0.00031       2.77      0.774     0.0914     0.0299       0.65      0.795       1.82      0.891        0.2       6.27          0          0    0.00852     0.0422      0.105          0          0          0          0          0     0.0972     0.0874          0          0
       0.2      0.996      0.237      0.217    0.00405    0.00595     0.0152     0.0018      0.401       0.98    0.00034        2.8      0.892     0.0969     0.0369      0.494      0.851       1.74      0.939        0.2       5.76          0          0    0.00884     0.0398     0.0849          0          0          0          0          0      0.119     0.0948          0          0
       0.2      0.991      0.237      0.216    0.00445     0.0066     0.0144    0.00169      0.442       0.98    0.00033       2.96      0.878     0.0978     0.0361      0.477      0.845       1.73      0.894        0.2        5.6          0          0    0.00837     0.0397     0.0973          0          0          0          0          0      0.108     0.0808          0          0
       0.2      0.982      0.234      0.216    0.00403    0.00433     0.0199    0.00149      0.497       0.98    0.00035       2.83       0.95      0.109     0.0399      0.679      0.855       1.73      0.711        0.2       4.78          0          0    0.00761     0.0392      0.104          0          0          0          0          0      0.168     0.0833          0          0
     0.206      0.851      0.243      0.215    0.00301    0.00557     0.0249    0.00207      0.555      0.952    0.00032       1.92      0.806     0.0618      0.025      0.831      0.829       1.62       1.15        0.2       5.84          0          0     0.0062     0.0222     0.0967          0          0          0          0          0      0.141     0.0988          0          0
     0.202      0.974      0.238      0.215    0.00382    0.00572      0.024    0.00214      0.556      0.968    0.00034       2.89       0.95      0.104     0.0351      0.813      0.829       1.76      0.963        0.2       4.81          0          0    0.00657     0.0245      0.105          0          0          0          0          0      0.143     0.0831          0          0
       0.2      0.996      0.235      0.214    0.00624    0.00519     0.0157    0.00215      0.429       0.98    0.00027       2.83        0.9      0.101     0.0413      0.524      0.775       1.67      0.939        0.2       6.07          0          0    0.00864     0.0402      0.108          0          0          0          0          0       0.12     0.0852          0          0
     0.201      0.985      0.241      0.213    0.00533    0.00652     0.0156     0.0018      0.427       0.98    0.00033       3.18      0.897        0.1     0.0341      0.491      0.862       1.73      0.939        0.2       6.05          0          0    0.00829     0.0406     0.0877          0          0          0          0          0      0.112     0.0847          0          0
     0.208      0.897      0.235      0.213    0.00556    0.00984     0.0209    0.00181      0.497       0.98    0.00033       3.12      0.916     0.0958     0.0342      0.632      0.848       2.08      0.902        0.2       6.23          0          0    0.00829     0.0436     0.0959          0          0          0          0          0      0.142     0.0836          0          0
       0.2      0.987      0.242      0.211     0.0194      0.006     0.0281    0.00169      0.495       0.98    0.00036       2.96      0.855     0.0978     0.0361      0.477      0.974       1.73      0.988        0.2       6.62          0          0    0.00837     0.0381     0.0908          0          0          0          0          0     0.0892     0.0935          0          0
     0.213       0.85      0.242      0.211     0.0042    0.00843     0.0232    0.00225      0.506      0.934    0.00031       3.33      0.924     0.0951      0.034      0.718      0.935       2.07       1.08        0.2       5.76          0          0    0.00852     0.0368     0.0817          0          0          0          0          0      0.108     0.0687          0          0
     0.206      0.923      0.239      0.211    0.00566    0.00877     0.0161    0.00185      0.454       0.98    0.00033       3.12      0.936      0.103     0.0343      0.492        0.8       1.77      0.911        0.2       6.13          0          0    0.00895     0.0378     0.0881          0          0          0          0          0      0.113     0.0857          0          0
       0.2      0.965      0.234       0.21    0.00412    0.00577     0.0187    0.00174       0.54       0.98    0.00036       2.71      0.898     0.0966     0.0383      0.633      0.859       1.92      0.878        0.2       4.65          0          0    0.00719     0.0439      0.102          0          0          0          0          0      0.108     0.0904          0          0
     0.207      0.834      0.241      0.208    0.00337    0.00649     0.0286    0.00221      0.404       0.94    0.00029          5       0.77       0.13     0.0246      0.843       1.04       2.06       1.03        0.2        5.6          0          0    0.00944     0.0508     0.0959          0          0          0          0          0      0.174      0.106          0          0
     0.199      0.993      0.227      0.205    0.00377    0.00705     0.0109    0.00169       0.57      0.968    0.00031        3.5      0.605      0.068     0.0351      0.402      0.764       1.82       1.06        0.2       4.81          0          0    0.00827     0.0383     0.0981          0          0          0          0          0      0.115     0.0784          0          0
     0.199      0.992      0.227      0.202    0.00452    0.00609     0.0144    0.00169      0.443       0.98    0.00033       2.94      0.876     0.0978     0.0361      0.475      0.858       1.71      0.894        0.2       5.64          0          0    0.00829     0.0398     0.0975          0          0          0          0          0      0.108     0.0808          0          0
     0.214      0.626      0.232        0.2     0.0236     0.0103     0.0491    0.00237      0.584      0.921    0.00037       3.41       0.95     0.0964     0.0352      0.889      0.845       2.49      0.915        0.2       6.82          0          0    0.00848     0.0172      0.122          0          0          0          0          0      0.164     0.0969          0          0
     0.198      0.824      0.231        0.2     0.0216    0.00522     0.0332    0.00133      0.564       0.98    0.00036       3.58       0.95      0.111     0.0334      0.684       0.69       1.55      0.801        0.2       6.77          0          0     0.0088     0.0247     0.0979          0          0          0          0          0      0.141     0.0909          0          0
       0.2      0.993      0.222      0.201    0.00423    0.00519     0.0151    0.00157      0.442       0.98    0.00032       3.21      0.828      0.104     0.0376      0.504      0.845        1.7      0.844        0.2        5.6          0          0    0.00837     0.0402     0.0991          0          0          0          0          0      0.117     0.0808          0          0
     0.201      0.984      0.225        0.2    0.00376    0.00608     0.0133    0.00169      0.432      0.978    0.00033       2.96      0.914     0.0928     0.0354      0.473      0.795       1.76      0.894        0.2       5.37          0          0    0.00881     0.0388      0.105          0          0          0          0          0      0.108     0.0738          0          0
       0.2      0.874      0.223      0.196    0.00378    0.00568     0.0233    0.00214      0.564      0.918    0.00034       3.31       0.95      0.106     0.0345      0.813      0.829       1.73      0.784        0.2       5.28          0          0    0.00631     0.0244      0.114          0          0          0          0          0      0.149     0.0937          0          0
     0.202      0.896      0.231      0.193     0.0111    0.00723     0.0323    0.00197       0.58       0.98     0.0003       3.55      0.576     0.0825     0.0345      0.813      0.786          2      0.842        0.2       6.53          0          0    0.00909     0.0229      0.111          0          0          0          0          0      0.161     0.0826          0          0
     0.199      0.937       0.22      0.192    0.00427    0.00578      0.015    0.00171      0.571      0.947     0.0003       2.83      0.762     0.0998     0.0416       0.63      0.631       1.58      0.979        0.2       5.32          0          0    0.00837     0.0462     0.0803          0          0          0          0          0      0.149     0.0773          0          0
       0.2      0.931      0.228      0.188    0.00453    0.00762     0.0275    0.00224      0.492      0.888    0.00038       2.84      0.904      0.142     0.0381      0.813       1.08       2.41      0.887        0.2       4.82          0          0    0.00891     0.0229     0.0912          0          0          0          0          0       0.14     0.0701          0          0
     0.197      0.951      0.213      0.189     0.0045    0.00651     0.0144    0.00152      0.403      0.964    0.00033       3.32      0.908        0.1     0.0365      0.477      0.845       1.73       0.95        0.2        5.6          0          0    0.00831     0.0396      0.102          0          0          0          0          0      0.103     0.0773          0          0
     0.199      0.945      0.221      0.187     0.0034    0.00633     0.0222    0.00189      0.608      0.958    0.00038       1.91      0.833      0.111     0.0261      0.778      0.792       2.24      0.675        0.2        5.7          0          0    0.00837     0.0253     0.0932          0          0          0          0          0      0.139     0.0841          0          0
       0.2      0.913      0.219      0.187     0.0037    0.00469     0.0176    0.00144      0.349       0.98    0.00033       2.97      0.862      0.104     0.0352      0.594      0.877        1.4      0.894        0.2       5.06          0          0    0.00851     0.0543      0.118          0          0          0          0          0      0.125      0.072          0          0
     0.195      0.827      0.214      0.186    0.00494    0.00642     0.0164    0.00169       0.52       0.98    0.00026       2.65       0.83     0.0759     0.0361      0.477       1.03       1.45      0.894        0.2        5.6          0          0    0.00902     0.0397     0.0864          0          0          0          0          0      0.106      0.118          0          0
     0.195      0.647      0.214      0.184     0.0237     0.0111     0.0351    0.00194       0.52       0.98    0.00031        2.8      0.632      0.089     0.0295      0.631      0.833       2.07      0.887        0.2       7.68          0          0    0.00854     0.0419      0.112          0          0          0          0          0      0.116     0.0728          0          0
     0.195      0.687      0.216      0.178     0.0108    0.00607     0.0232    0.00201      0.428       0.98    0.00033        3.2      0.893     0.0859      0.036      0.494       1.04       1.48      0.868        0.2       6.37          0          0     0.0067     0.0545     0.0936          0          0          0          0          0      0.133     0.0889          0          0
     0.197      0.923       0.22      0.177    0.00395    0.00533     0.0187    0.00161      0.585      0.931    0.00032       2.62       0.95     0.0928     0.0336      0.754      0.672       1.45      0.964        0.2       4.83          0          0    0.00682     0.0313      0.104          0          0          0          0          0      0.148     0.0831          0          0
     0.201      0.758      0.228      0.175    0.00432    0.00327      0.024    0.00233      0.564       0.95    0.00034        2.6       0.95      0.118      0.036      0.856      0.829       1.68      0.906        0.2       2.62          0          0    0.00761     0.0202      0.107          0          0          0          0          0      0.122     0.0448          0          0
     0.196      0.906      0.213      0.171    0.00303    0.00557    0.00891    0.00199      0.438      0.954     0.0003       3.09      0.878     0.0978     0.0253      0.385      0.603       1.55      0.838        0.2       5.37          0          0    0.00798     0.0357      0.113          0          0          0          0          0     0.0905      0.089          0          0
     0.193      0.785      0.209      0.166    0.00447    0.00549     0.0182    0.00155      0.336       0.98    0.00033       3.04       0.78      0.106     0.0403      0.594      0.915        1.4       0.87        0.2       5.18          0          0    0.00596     0.0577      0.118          0          0          0          0          0      0.125      0.072          0          0
     0.197      0.829      0.213      0.163    0.00649    0.00748     0.0144    0.00162      0.442       0.87    0.00033       2.33      0.947     0.0978     0.0443      0.482      0.845        1.6       1.25        0.2        5.6          0          0    0.00837     0.0397     0.0754          0          0          0          0          0      0.105     0.0808          0          0
     0.195      0.856      0.211      0.158    0.00429    0.00513     0.0165    0.00141      0.398      0.974    0.00035       2.72       0.85      0.111     0.0328      0.605       0.77       1.34      0.889        0.2        4.6          0          0    0.00862     0.0578      0.121          0          0          0          0          0      0.125     0.0798          0          0
     0.194      0.845       0.21      0.158    0.00443    0.00532     0.0182    0.00129      0.356       0.98    0.00034       3.31      0.862      0.113     0.0371      0.615      0.867       1.45      0.838        0.2       5.06          0          0    0.00815     0.0495      0.118          0          0          0          0          0       0.12     0.0751          0          0
     0.193      0.745      0.207      0.151    0.00457    0.00538     0.0177    0.00118      0.275       0.98    0.00034       2.97      0.781      0.099     0.0338      0.576      0.924       1.24      0.894        0.2       4.51          0          0    0.00851     0.0627     0.0969          0          0          0          0          0      0.111     0.0769          0          0
     0.194      0.752      0.207       0.15    0.00586    0.00596     0.0149    0.00172      0.447      0.945    0.00031       3.07      0.791     0.0819     0.0385      0.498      0.839       1.53      0.835        0.2        5.6          0          0    0.00889      0.041     0.0917          0          0          0          0          0      0.107     0.0746          0          0
     0.202      0.529      0.189      0.146     0.0231     0.0116     0.0486    0.00153      0.481      0.966    0.00034       2.89      0.898      0.116      0.034      0.859      0.859       1.97      0.891        0.2       6.79          0          0    0.00837      0.045     0.0883          0          0          0          0          0      0.112     0.0884          0          0
     0.186       0.76      0.197      0.139    0.00491    0.00529     0.0182    0.00117       0.27       0.98    0.00041       2.99      0.769      0.112     0.0331      0.576      0.968       1.05       1.03        0.2       4.51          0          0     0.0101     0.0721     0.0879          0          0          0          0          0      0.109     0.0769          0          0
     0.187      0.691      0.195      0.136    0.00432    0.00664     0.0228    0.00088      0.275       0.98    0.00032       3.05      0.781     0.0969     0.0271      0.739      0.924       1.33       1.08        0.2       5.01          0          0    0.00685     0.0627     0.0832          0          0          0          0          0     0.0833     0.0769          0          0
     0.181      0.736      0.195      0.135    0.00579    0.00509     0.0179    0.00122      0.261       0.98     0.0004       2.68      0.769      0.102     0.0355      0.532       1.06       1.04       1.03        0.2       4.88          0          0     0.0107     0.0721      0.082          0          0          0          0          0        0.1     0.0769          0          0
     0.186      0.666      0.189      0.126    0.00578    0.00588     0.0176    0.00113      0.275      0.979    0.00034          3      0.782      0.099     0.0345      0.573      0.924       1.19      0.932        0.2       4.27          0          0    0.00848     0.0655      0.102          0          0          0          0          0      0.111     0.0739          0          0
     0.184      0.572      0.183      0.111    0.00609    0.00663     0.0175     0.0011      0.275       0.97    0.00034        3.1      0.834     0.0939     0.0327      0.569      0.924       1.26      0.955        0.2       4.32          0          0    0.00851     0.0626     0.0993          0          0          0          0          0      0.114     0.0775          0          0
     0.179      0.627       0.18       0.11    0.00554    0.00526     0.0154    0.00115      0.263       0.98    0.00044       2.99      0.682      0.111     0.0299      0.515      0.883          1      0.957        0.2       4.13          0          0     0.0116     0.0721     0.0879          0          0          0          0          0      0.102     0.0749          0          0
     0.182      0.533      0.176      0.102    0.00868    0.00925     0.0162    0.00167      0.674      0.881    0.00037       3.38      0.728     0.0822     0.0417      0.631      0.664       2.13      0.711        0.2       5.77          0          0    0.00837     0.0503      0.114          0          0          0          0          0      0.172     0.0785          0          0
     0.178      0.544      0.174      0.102    0.00511    0.00593     0.0127    0.00115      0.247       0.98    0.00044       2.69      0.611      0.102     0.0263      0.426      0.883      0.937       1.14        0.2       4.13          0          0     0.0109      0.076     0.0805          0          0          0          0          0      0.106     0.0804          0          0
      0.17      0.587      0.172      0.101    0.00617    0.00641     0.0192    0.00124      0.258      0.969    0.00043       3.18      0.677      0.124     0.0331      0.594      0.991       1.06       1.12        0.2       4.92          0          0     0.0113     0.0617     0.0856          0          0          0          0          0      0.102     0.0769          0          0
     0.163      0.512      0.163     0.0968    0.00479    0.00595     0.0141    0.00109      0.242       0.98    0.00048       2.69       0.61     0.0996     0.0261      0.451      0.945      0.937       1.04        0.2       4.21          0          0     0.0109     0.0779      0.089          0          0          0          0          0      0.114     0.0804          0          0
     0.157      0.528      0.158     0.0867     0.0054    0.00578     0.0168    0.00118      0.322       0.98    0.00034       2.35      0.653     0.0741     0.0289      0.598      0.804       1.28      0.714        0.2       3.65          0          0    0.00851       0.07      0.114          0          0          0          0          0      0.144     0.0769          0          0
     0.164      0.441      0.153     0.0795    0.00524    0.00579     0.0141    0.00107      0.235       0.98    0.00048       2.69       0.61     0.0996     0.0267      0.453      0.938      0.925      0.987        0.2       4.22          0          0     0.0112     0.0764     0.0873          0          0          0          0          0      0.112     0.0875          0          0
     0.156      0.451       0.15     0.0785    0.00562    0.00629     0.0137    0.00108      0.249       0.98    0.00044       2.69      0.531      0.101     0.0289      0.436      0.955      0.937       1.14        0.2       4.13          0          0     0.0101     0.0723     0.0805          0          0          0          0          0      0.106     0.0713          0          0
     0.143      0.494      0.143     0.0689     0.0064    0.00601     0.0197    0.00107      0.269      0.977    0.00043       3.09      0.704      0.104     0.0339      0.589       1.05      0.954       1.03        0.2       4.42          0          0    0.00996     0.0679     0.0908          0          0          0          0          0      0.111     0.0653          0          0
     0.144      0.446      0.136     0.0605     0.0056    0.00578      0.013    0.00096      0.217       0.98    0.00049       3.02      0.619     0.0991     0.0287      0.453       0.83      0.907      0.987        0.2       4.07          0          0     0.0101     0.0764     0.0975          0          0          0          0          0      0.112     0.0803          0          0
     0.126      0.337      0.113     0.0546    0.00397     0.0045     0.0107    0.00124      0.296       0.98    0.00048       2.31       0.65      0.096       0.02      0.313       1.09      0.925      0.687        0.2       4.37          0          0    0.00908     0.0706     0.0901          0          0          0          0          0      0.127     0.0856          0          0
     0.121       0.36      0.111     0.0547    0.00574    0.00563     0.0129    0.00097      0.217       0.98    0.00049       3.02       0.61     0.0951     0.0292      0.451       0.83       0.91      0.973        0.2       4.18          0          0     0.0103     0.0758     0.0975          0          0          0          0          0      0.112     0.0803          0          0
     0.117      0.406      0.108     0.0504    0.00576    0.00587     0.0128    0.00098      0.219       0.98    0.00049       3.02      0.608     0.0949     0.0289      0.446       0.83       0.91      0.972        0.2       4.18          0          0     0.0103     0.0759     0.0966          0          0          0          0          0      0.113     0.0803          0          0
     0.107      0.484      0.105     0.0476    0.00796    0.00635     0.0164    0.00097      0.206       0.98    0.00046       3.02      0.587     0.0998     0.0412      0.512      0.987      0.986      0.973        0.2       4.18          0          0     0.0105      0.089     0.0975          0          0          0          0          0      0.103      0.097          0          0
     0.106      0.396        0.1     0.0462    0.00504    0.00633     0.0146    0.00107      0.241      0.977    0.00047       2.65       0.61        0.1     0.0257      0.469      0.938      0.951      0.987        0.2       4.22          0          0     0.0112     0.0736     0.0891          0          0          0          0          0      0.112     0.0875          0          0
     0.112      0.259     0.0948      0.042    0.00579    0.00603     0.0127    0.00094      0.227       0.98    0.00049       2.93      0.604     0.0915     0.0292       0.45      0.809      0.916      0.973        0.2       4.15          0          0     0.0104     0.0751     0.0977          0          0          0          0          0      0.111     0.0792          0          0
     0.117      0.244     0.0911     0.0409    0.00797    0.00658     0.0164    0.00099      0.206       0.98    0.00046       3.07      0.597     0.0987     0.0416      0.512      0.987          1      0.963        0.2       4.14          0          0     0.0105     0.0901     0.0975          0          0          0          0          0      0.103     0.0958          0          0
    0.0924      0.425     0.0889     0.0408    0.00822    0.00665     0.0162    0.00102      0.187      0.957    0.00044       3.07      0.716      0.103     0.0416      0.512      0.969          1          1        0.2       4.21          0          0     0.0106     0.0911     0.0922          0          0          0          0          0     0.0994     0.0984          0          0
    0.0935      0.299     0.0822     0.0391    0.00833    0.00718     0.0162    0.00098      0.179       0.96    0.00047       3.23      0.719      0.107     0.0422      0.512      0.967       1.05       1.08        0.2          4          0          0     0.0106     0.0817     0.0899          0          0          0          0          0     0.0943     0.0984          0          0
    0.0908      0.418     0.0843     0.0385      0.007    0.00516     0.0172    0.00102      0.172       0.98    0.00031       2.35      0.716      0.089     0.0365      0.541      0.969      0.876      0.882        0.2       4.35          0          0     0.0122      0.102     0.0922          0          0          0          0          0      0.101     0.0903          0          0
    0.0843      0.367      0.084     0.0384    0.00643    0.00421     0.0181    0.00109      0.295       0.98    0.00041       2.97      0.899      0.108      0.036       0.57      0.968      0.847      0.757        0.2       3.61          0          0     0.0123     0.0632      0.076          0          0          0          0          0      0.112     0.0817          0          0
       0.1      0.352       0.09     0.0358    0.00819    0.00691     0.0147    0.00096      0.163       0.98    0.00064       2.02      0.659     0.0766     0.0428       0.47      0.953      0.871       1.23        0.2       4.18          0          0    0.00966      0.101      0.114          0          0          0          0          0      0.112     0.0803          0          0
    0.0962       0.28     0.0808     0.0333    0.00605    0.00585     0.0144    0.00113      0.258      0.953    0.00044       3.13       0.71      0.103     0.0308      0.515      0.802      0.874      0.957        0.2       3.98          0          0    0.00968     0.0827     0.0919          0          0          0          0          0     0.0837      0.095          0          0
     0.085      0.406     0.0796     0.0331    0.00973    0.00676     0.0162      0.001        0.2      0.937     0.0005          3        0.8        0.1       0.05        0.5          1          1          1        0.2          4          0          0       0.01        0.1        0.1          0          0          0          0          0        0.1        0.1          0          0
     0.109      0.204      0.082     0.0314    0.00859    0.00712     0.0157    0.00103      0.182      0.949    0.00044       2.88      0.646      0.106     0.0427      0.504      0.942       1.02       1.01        0.2       4.12          0          0     0.0109     0.0836     0.0994          0          0          0          0          0     0.0998     0.0984          0          0
    0.0962      0.276       0.08     0.0313    0.00736    0.00625     0.0158    0.00102      0.183      0.957    0.00044       2.96      0.672      0.103      0.037      0.477       1.04      0.909          1        0.2       4.44          0          0     0.0109      0.098     0.0922          0          0          0          0          0      0.102     0.0984          0          0
    0.0834      0.306     0.0755     0.0312    0.00485    0.00586     0.0155    0.00114      0.242      0.971    0.00045        2.5       0.61     0.0859     0.0247       0.49      0.961      0.906      0.904        0.2       4.04          0          0     0.0103     0.0678      0.089          0          0          0          0          0       0.12     0.0881          0          0
    0.0817      0.298     0.0741     0.0312      0.008    0.00645     0.0165    0.00099      0.187      0.963    0.00044       3.07      0.687     0.0993     0.0401      0.529      0.942      0.971      0.969        0.2       4.54          0          0      0.011     0.0924     0.0968          0          0          0          0          0     0.0913     0.0949          0          0
      0.07      0.456     0.0722     0.0307    0.00819    0.00665      0.017    0.00102      0.187      0.968    0.00043       3.03      0.716     0.0981     0.0416      0.512       1.04      0.983          1        0.2       4.09          0          0     0.0102     0.0879     0.0909          0          0          0          0          0     0.0994     0.0999          0          0
    0.0852      0.223     0.0739     0.0305    0.00814    0.00743     0.0185    0.00098      0.205      0.957    0.00047       3.37      0.681      0.104     0.0404      0.512       1.19       1.01       1.09        0.2        4.8          0          0     0.0112      0.093     0.0801          0          0          0          0          0     0.0727     0.0946          0          0
    0.0888      0.321      0.081     0.0295    0.00776     0.0066     0.0154    0.00104      0.145      0.957    0.00044       3.07      0.538      0.103     0.0408      0.485       0.97      0.943       1.07        0.2       3.43          0          0     0.0101     0.0912     0.0965          0          0          0          0          0     0.0979     0.0984          0          0
    0.0873      0.262     0.0734     0.0301    0.00792    0.00705     0.0163    0.00104      0.183      0.944    0.00044       3.07      0.704      0.104     0.0396      0.497       1.02      0.995       1.02        0.2        4.3          0          0     0.0106     0.0916     0.0903          0          0          0          0          0     0.0967     0.0977          0          0
    0.0863      0.234     0.0703     0.0301    0.00831    0.00669      0.016      0.001      0.189      0.957    0.00044       3.07       0.74      0.102      0.042      0.508      0.961      0.993      0.994        0.2       4.25          0          0     0.0104      0.091     0.0929          0          0          0          0          0     0.0998     0.0978          0          0
    0.0834      0.314     0.0747     0.0296    0.00783    0.00696     0.0158    0.00102      0.157      0.957    0.00044       2.59      0.755      0.104     0.0395      0.512       0.93          1       1.03        0.2       4.15          0          0     0.0115      0.109     0.0836          0          0          0          0          0      0.121     0.0984          0          0
    0.0951      0.278     0.0779     0.0292    0.00559     0.0061     0.0148    0.00103      0.217      0.968    0.00058       2.98      0.521      0.102     0.0277      0.496      0.883      0.866      0.973        0.2       4.63          0          0    0.00992     0.0758       0.11          0          0          0          0          0      0.112     0.0803          0          0
    0.0824      0.317     0.0738     0.0294    0.00811    0.00667     0.0162    0.00103      0.188      0.958    0.00043       3.05      0.716      0.103     0.0402      0.508      0.978      0.987      0.989        0.2       4.18          0          0     0.0106      0.092     0.0934          0          0          0          0          0        0.1     0.0997          0          0
    0.0999      0.235      0.076     0.0289    0.00771    0.00435     0.0155    0.00119      0.182      0.957    0.00041       3.94      0.814      0.103     0.0385      0.461       1.07      0.736      0.826        0.2       4.78          0          0    0.00948     0.0837     0.0922          0          0          0          0          0     0.0711     0.0939          0          0
    0.0954      0.238     0.0772     0.0285    0.00643    0.00425     0.0221    0.00117       0.27       0.98    0.00044       3.03      0.824      0.112     0.0331      0.576       1.31      0.959      0.578        0.2       4.51          0          0     0.0128     0.0968     0.0879          0          0          0          0          0      0.109     0.0611          0          0
    0.0859      0.293      0.074     0.0281    0.00834    0.00722     0.0165    0.00122      0.189      0.939    0.00044       2.84      0.762      0.114     0.0416      0.512      0.996       1.08          1        0.2       4.21          0          0    0.00949     0.0911     0.0922          0          0          0          0          0     0.0852     0.0984          0          0
    0.0756      0.321     0.0716     0.0283    0.00847      0.007     0.0161    0.00101      0.191      0.959    0.00045       3.01      0.721      0.103     0.0421      0.517       0.94       1.02          1        0.2       4.39          0          0     0.0107     0.0908     0.0969          0          0          0          0          0     0.0988     0.0985          0          0
     0.078      0.312     0.0692     0.0284    0.00829     0.0067     0.0163      0.001      0.189      0.954    0.00044       3.07      0.713      0.103     0.0417      0.511      0.975      0.975      0.983        0.2       4.34          0          0     0.0106     0.0921     0.0944          0          0          0          0          0     0.0994     0.0973          0          0
    0.0735      0.504     0.0758     0.0263    0.00585     0.0107    0.00878    0.00115      0.228      0.829    0.00062       3.77      0.449     0.0996     0.0248       0.38      0.576       1.41       1.05        0.2       5.56          0          0    0.00988     0.0779      0.108          0          0          0          0          0      0.132     0.0804          0          0
    0.0602      0.681      0.074     0.0264    0.00826    0.00619     0.0179    0.00091      0.158      0.959    0.00044       3.33      0.621      0.103     0.0416      0.512       1.13          1      0.821        0.2       4.74          0          0     0.0103      0.089     0.0854          0          0          0          0          0     0.0994     0.0933          0          0
    0.0883      0.234     0.0724     0.0262    0.00855    0.00689     0.0172    0.00099      0.187      0.922    0.00044       3.02      0.815      0.102     0.0423      0.512       1.06      0.925       1.08        0.2       4.64          0          0     0.0106     0.0922     0.0879          0          0          0          0          0     0.0955     0.0934          0          0
     0.077      0.307      0.069     0.0263     0.0102    0.00716     0.0185    0.00107      0.206      0.933    0.00035       3.59      0.587      0.121     0.0347      0.512      0.987      0.884       1.14        0.2       6.09          0          0     0.0121     0.0813     0.0872          0          0          0          0          0      0.117       0.09          0          0
    0.0903      0.227     0.0753     0.0253    0.00845    0.00485     0.0132    0.00116      0.152      0.953    0.00044        3.2      0.716     0.0976     0.0432      0.463      0.823      0.787      0.762        0.2       4.08          0          0     0.0106     0.0835     0.0929          0          0          0          0          0      0.128      0.113          0          0
    0.0826      0.206     0.0671     0.0262     0.0083    0.00664      0.016     0.0011      0.203      0.958    0.00044       3.39      0.699      0.103     0.0416      0.512      0.949          1      0.911        0.2       4.21          0          0     0.0114     0.0937     0.0922          0          0          0          0          0      0.102      0.104          0          0
    0.0533      0.767     0.0709     0.0257    0.00949    0.00605     0.0146    0.00102      0.185      0.928    0.00043       3.69      0.782      0.135     0.0471      0.461      0.969      0.867          1        0.2        4.7          0          0     0.0099     0.0788     0.0949          0          0          0          0          0      0.106     0.0939          0          0
    0.0745      0.263      0.064     0.0255     0.0109    0.00698      0.016      0.001      0.167      0.937    0.00043        2.9      0.848     0.0828     0.0573      0.542      0.869       1.09      0.917        0.2          4          0          0       0.01     0.0889     0.0907          0          0          0          0          0     0.0889     0.0813          0          0
    0.0685      0.341     0.0621     0.0255    0.00806    0.00694      0.016    0.00103      0.187      0.951    0.00044       3.04      0.713      0.103     0.0401      0.505      0.969       1.01          1        0.2       4.21          0          0     0.0103     0.0907     0.0938          0          0          0          0          0     0.0994     0.0997          0          0
    0.0743      0.242     0.0634     0.0247    0.00746    0.00624     0.0166    0.00094      0.204      0.931    0.00044        3.2      0.855      0.106      0.037      0.537      0.928       0.93          1        0.2       4.21          0          0     0.0106     0.0975     0.0761          0          0          0          0          0      0.102      0.106          0          0
     0.074      0.358     0.0649     0.0243     0.0101    0.00715     0.0182    0.00087      0.154      0.943    0.00045       2.45      0.578      0.108     0.0496      0.548       1.03          1      0.991        0.2       4.71          0          0    0.00917      0.103       0.11          0          0          0          0          0     0.0927     0.0893          0          0
    0.0777      0.145      0.066     0.0241    0.00674    0.00509      0.021    0.00116      0.127      0.957    0.00047       3.07      0.799      0.102     0.0396      0.628       1.06      0.903          1        0.2       3.18          0          0     0.0121      0.102     0.0994          0          0          0          0          0      0.106     0.0984          0          0
    0.0613      0.408     0.0615     0.0225    0.00481    0.00532     0.0157     0.0009      0.212       0.98    0.00041       3.21      0.711      0.113     0.0261      0.576      0.771      0.855      0.914        0.2       3.43          0          0     0.0101     0.0671      0.111          0          0          0          0          0      0.128     0.0641          0          0
    0.0299      0.976     0.0748     0.0202    0.00839    0.00632     0.0162    0.00071      0.162       0.95    0.00049       3.07      0.469      0.103      0.042      0.512      0.969      0.795      0.997        0.2       4.21          0          0    0.00989     0.0931     0.0665          0          0          0          0          0     0.0994      0.107          0          0
     0.041      0.852     0.0563     0.0171    0.00796    0.00744     0.0153    0.00116      0.187      0.867    0.00043        2.7      0.648      0.101     0.0394      0.515      0.874       0.99          1        0.2       4.99          0          0    0.00964      0.115      0.073          0          0          0          0          0      0.116     0.0627          0          0
    0.0122          1     0.0594     0.0166    0.00936    0.00455     0.0165    0.00072      0.182       0.98     0.0005       3.29      0.738     0.0958     0.0547      0.565      0.859      0.906       0.84        0.2       3.12          0          0     0.0106     0.0854     0.0888          0          0          0          0          0        0.1     0.0858          0          0
    0.0409      0.805     0.0517     0.0118     0.0303    0.00465      0.032     0.0009      0.226      0.955    0.00051       2.47      0.519     0.0998      0.047       0.51       1.09      0.588      0.855        0.2       6.65          0          0     0.0074      0.089      0.105          0          0          0          0          0     0.0985      0.105          0          0
