     0/299    0.445G   0.03012   0.02861   0.02305   0.08179        12       640       0.2    0.9983    0.2119    0.1455   0.01056   0.02109   0.02189
     1/299     5.14G   0.01504   0.01798   0.02191   0.05493        12       640    0.2003    0.9948    0.2174     0.185  0.008756   0.01327   0.02183
     2/299      5.6G   0.01368   0.01379   0.02186   0.04933        15       640    0.1999    0.9995    0.2168    0.1557   0.01056   0.01299   0.02181
     3/299      5.6G   0.01423   0.01294   0.02183     0.049        15       640    0.2001    0.9961    0.2188    0.1802  0.009184   0.01145    0.0218
     4/299     5.61G   0.01275   0.01199   0.02182   0.04656        16       640    0.1999    0.9995    0.2151    0.1792  0.009755  0.009777   0.02181
     5/299     5.61G   0.01156   0.01116   0.02181   0.04452        22       640    0.2001    0.9987    0.2112    0.1797  0.007857  0.009226   0.02179
     6/299     5.61G   0.01029   0.01059    0.0218   0.04269        15       640    0.1999    0.9995     0.214    0.1777  0.008846  0.008874   0.02178
     7/299     5.61G  0.009229   0.01015    0.0218   0.04118        17       640    0.1999     0.999    0.2145    0.1842  0.008306   0.00886   0.02178
     8/299     5.61G  0.008382   0.01004    0.0218   0.04022        14       640    0.1999     0.999    0.2113    0.1862  0.007342  0.009088   0.02178
     9/299     5.61G   0.00828  0.009897   0.02179   0.03997        24       640    0.1999    0.9995    0.2122    0.1888  0.006334  0.008707   0.02178
    10/299     5.61G  0.007609  0.009559   0.02179   0.03896        15       640    0.1999    0.9995    0.2114    0.1883   0.00666  0.009184   0.02177
    11/299     5.61G  0.007611  0.009398   0.02177   0.03878        13       640    0.1999    0.9995    0.2253    0.1981  0.007248  0.009302   0.02177
    12/299     5.61G  0.007118   0.00947   0.02179   0.03838        18       640    0.1999    0.9995    0.2159    0.1946  0.004734  0.008448   0.02177
    13/299     5.61G    0.0071  0.009262   0.02178   0.03814        15       640    0.1999    0.9992    0.2207    0.2014  0.005375  0.008472   0.02176
    14/299     5.61G  0.006906  0.009027   0.02178   0.03772        17       640    0.1999    0.9995    0.2117    0.1903  0.004732  0.008789   0.02177
    15/299     5.61G   0.00651  0.009225   0.02178   0.03751        19       640    0.2001    0.9954    0.2147    0.1953  0.005939  0.008269   0.02176
    16/299     5.61G  0.006351  0.008707   0.02178   0.03684        24       640    0.2002    0.9958    0.2134    0.1906   0.00563  0.007918   0.02176
    17/299     5.61G  0.006317  0.008874   0.02178   0.03697        17       640    0.2004    0.9958    0.2184    0.1931   0.00647  0.008142   0.02176
    18/299     5.61G  0.006072  0.008555   0.02177    0.0364        13       640    0.2001    0.9978    0.2169    0.1983  0.005135  0.008172   0.02176
    19/299     5.61G  0.006124   0.00855   0.02177   0.03645        17       640    0.2001    0.9984    0.2144    0.1923  0.005154   0.00808   0.02176
    20/299     5.61G   0.00614  0.008525   0.02178   0.03644        15       640       0.2     0.999    0.2148    0.1897   0.00587  0.007734   0.02176
    21/299     5.61G  0.005565    0.0083   0.02178   0.03564        15       640    0.2001    0.9989    0.2189    0.1926   0.00579  0.008375   0.02176
    22/299     5.61G  0.005606  0.008309   0.02177   0.03568        15       640    0.2002    0.9974    0.2158    0.2021   0.00401  0.007836   0.02175
    23/299     5.61G  0.005524  0.008248   0.02177   0.03554        16       640    0.2004    0.9947    0.2191    0.1961  0.005589  0.007941   0.02177
    24/299     5.61G  0.005467  0.008293   0.02177   0.03553        13       640    0.2004    0.9955    0.2216    0.1995  0.005043  0.008461   0.02176
    25/299     5.61G    0.0054  0.008136   0.02177    0.0353        18       640    0.2002    0.9974    0.2186    0.1959  0.005507  0.008071   0.02176
    26/299     5.61G  0.005383  0.008061   0.02178   0.03522        19       640    0.2003    0.9927    0.2149    0.1912   0.00621  0.008143   0.02176
    27/299     5.61G  0.005378  0.008052   0.02177    0.0352        22       640    0.2001    0.9958    0.2165    0.1939  0.005109  0.007748   0.02175
    28/299     5.61G  0.005108   0.00798   0.02177   0.03486        17       640    0.2002    0.9961    0.2229    0.2026  0.004813  0.008201   0.02175
    29/299     5.61G  0.005258   0.00814   0.02177   0.03517        20       640    0.2005    0.9909    0.2263    0.2076  0.004737  0.008576   0.02175
    30/299     5.61G  0.005088  0.007843   0.02177    0.0347        12       640    0.2002    0.9975    0.2223     0.199  0.005166   0.00886   0.02175
    31/299     5.61G  0.005174  0.008064   0.02177   0.03501        15       640    0.2002    0.9969    0.2232    0.2015  0.004867  0.009039   0.02176
    32/299     5.61G  0.005006  0.007856   0.02177   0.03463        19       640       0.2    0.9982    0.2217    0.1988  0.005086  0.008443   0.02175
    33/299     5.61G  0.005238  0.007811   0.02176   0.03481        19       640    0.2004    0.9929    0.2192    0.1965  0.005327  0.008671   0.02176
    34/299     5.61G  0.004912  0.007783   0.02176   0.03445        14       640    0.2003    0.9963    0.2172    0.1988  0.004644  0.008293   0.02175
    35/299     5.61G  0.004984    0.0078   0.02177   0.03455        15       640    0.2002    0.9989    0.2217    0.2001  0.005222  0.008481   0.02176
    36/299     5.61G  0.004843   0.00783   0.02177   0.03444        20       640    0.2002    0.9966    0.2239    0.2049  0.004522  0.009357   0.02175
    37/299     5.61G  0.004923  0.007757   0.02177   0.03445        15       640       0.2    0.9988    0.2173    0.1942  0.005571  0.009086   0.02176
    38/299     5.61G  0.004815  0.007624   0.02177    0.0342        16       640    0.2001    0.9945    0.2229    0.2015  0.004986  0.009272   0.02176
    39/299     5.61G  0.004699   0.00751   0.02176   0.03397        16       640    0.2001    0.9974     0.222    0.2018  0.004872  0.009255   0.02175
    40/299     5.61G  0.004595  0.007519   0.02177   0.03388        16       640       0.2    0.9984    0.2292    0.2075  0.005237  0.009594   0.02175
    41/299     5.61G  0.004575  0.007562   0.02176   0.03389        16       640       0.2    0.9984    0.2248    0.2042  0.005298  0.009645   0.02175
    42/299     5.61G   0.00458  0.007668   0.02176   0.03401        23       640    0.2001    0.9973    0.2335    0.2146  0.004994  0.009761   0.02175
    43/299     5.61G  0.004555  0.007328   0.02176   0.03365        23       640    0.2004    0.9963    0.2321    0.2135  0.005179   0.01018   0.02175
    44/299     5.61G  0.004536  0.007386   0.02176   0.03368        21       640    0.2003    0.9974      0.23    0.2096  0.004904    0.0103   0.02175
    45/299     5.61G  0.004545  0.007545   0.02175   0.03384        17       640       0.2    0.9989    0.2254    0.2066  0.004911   0.01051   0.02175
    46/299     5.61G   0.00453  0.007355   0.02176   0.03365        24       640    0.2001     0.998    0.2279    0.2147  0.004555   0.01021   0.02176
    47/299     5.61G  0.004417  0.007258   0.02176   0.03343        22       640    0.2002    0.9974    0.2349    0.2218  0.004911   0.01047   0.02176
    48/299     5.61G  0.004236  0.007187   0.02175   0.03317        16       640    0.2003    0.9963    0.2368    0.2248  0.004938   0.01021   0.02175
    49/299     5.61G  0.004407    0.0072   0.02176   0.03337        13       640    0.2002    0.9979    0.2231    0.2015  0.004966   0.01044   0.02175
    50/299     5.61G  0.004264  0.007241   0.02176   0.03326        27       640    0.2002    0.9974    0.2278    0.2097  0.004679   0.01072   0.02175
    51/299     5.61G  0.004351  0.007278   0.02176   0.03339        18       640    0.2024    0.9492    0.2286    0.2161  0.004565   0.01031   0.02175
    52/299     5.61G  0.004219   0.00709   0.02175   0.03306        19       640    0.2034    0.9436    0.2386    0.2222  0.005208   0.01075   0.02175
    53/299     5.61G  0.004379  0.007143   0.02175   0.03327        20       640    0.2003    0.9976    0.2294    0.2143  0.004842   0.01044   0.02174
    54/299     5.61G  0.004266   0.00722   0.02176   0.03324        19       640    0.2002    0.9984    0.2383    0.2255  0.004845   0.01092   0.02174
    55/299     5.61G  0.004203  0.007144   0.02175    0.0331        17       640    0.2005     0.999    0.2362    0.2226  0.004711   0.01081   0.02175
    56/299     5.61G  0.004272  0.007236   0.02174   0.03325        27       640       0.2    0.9984    0.2293    0.2143  0.004728   0.01036   0.02174
    57/299     5.61G  0.004031  0.006924   0.02176   0.03271        16       640    0.2003    0.9988    0.2347    0.2265  0.004544    0.0102   0.02174
    58/299     5.61G  0.004244  0.007129   0.02175   0.03312        17       640    0.2002    0.9945    0.2309    0.2149  0.004546   0.01075   0.02175
    59/299     5.61G  0.004154  0.006904   0.02175   0.03281        18       640    0.2009    0.9806    0.2296    0.2193  0.004406   0.01092   0.02175
    60/299     5.61G  0.003999  0.006901   0.02175   0.03265        19       640     0.212    0.8534    0.2353     0.225  0.004708   0.01065   0.02174
    61/299     5.61G  0.004055  0.006935   0.02175   0.03274        19       640    0.2021    0.9649    0.2363    0.2284  0.005257   0.01138   0.02175
    62/299     5.61G  0.004084  0.006911   0.02174   0.03274        19       640    0.2004    0.9953    0.2335    0.2204   0.00507    0.0116   0.02175
    63/299     5.61G  0.004124  0.007095   0.02174   0.03296        20       640    0.2018    0.9738    0.2355    0.2241  0.004285   0.01108   0.02174
    64/299     5.61G  0.004018  0.007137   0.02173   0.03289        16       640    0.2083    0.8671    0.2428    0.2305   0.00458   0.01147   0.02174
    65/299     5.61G     0.004  0.006876   0.02174   0.03262        17       640    0.2156    0.8514    0.2393    0.2308  0.003977   0.01161   0.02175
    66/299     5.61G  0.003956  0.006818   0.02173   0.03251        16       640    0.2096    0.9141    0.2431    0.2329  0.004502   0.01212   0.02174
    67/299     5.61G  0.003764  0.006688   0.02174   0.03219        16       640     0.221    0.7869    0.2486    0.2383  0.004928   0.01131   0.02173
    68/299     5.61G  0.003902  0.006854   0.02173   0.03249        15       640    0.2186    0.8623    0.2475    0.2359  0.004797    0.0113   0.02173
    69/299     5.61G  0.003765  0.006739   0.02172   0.03222        18       640     0.216    0.8708    0.2574    0.2478  0.004598    0.0116   0.02172
    70/299     5.61G  0.003791  0.006789   0.02172    0.0323        23       640     0.219    0.8832    0.2537    0.2434  0.004584   0.01132   0.02172
    71/299     5.61G  0.003901  0.006807    0.0217   0.03241        14       640    0.2237    0.8728    0.2622    0.2538   0.00417   0.01157   0.02169
    72/299     5.61G  0.003826  0.006945   0.02168   0.03245        19       640    0.2223    0.9028    0.2662    0.2575  0.004206   0.01165   0.02167
    73/299     5.61G  0.003797  0.006753   0.02165    0.0322        16       640    0.2234    0.9242    0.2701    0.2583  0.004863   0.01175   0.02163
    74/299     5.61G  0.003768   0.00673   0.02159   0.03209        16       640    0.2472    0.8208    0.2831    0.2739  0.004485   0.01128   0.02154
    75/299     5.61G  0.003747  0.006857   0.02152   0.03212        15       640     0.261    0.7476       0.3    0.2912  0.004398   0.01124   0.02139
    76/299     5.61G  0.003832   0.00685   0.02139   0.03207        13       640    0.2827     0.689    0.3167    0.3072  0.004437   0.01172    0.0212
    77/299     5.61G   0.00386  0.006933   0.02124   0.03204        15       640    0.2799    0.7272    0.3311    0.3222  0.004314   0.01115   0.02095
    78/299     5.61G  0.003952  0.006773   0.02107    0.0318        18       640    0.2769    0.7889    0.3389    0.3295  0.004465   0.01125    0.0207
    79/299     5.61G  0.003827  0.006754   0.02093   0.03151        15       640    0.2969    0.7496    0.3477    0.3395  0.004322    0.0114   0.02054
    80/299     5.61G  0.003892  0.006957    0.0208   0.03165        12       640    0.2896    0.7697    0.3579    0.3479  0.004473   0.01097   0.02029
    81/299     5.61G  0.003765  0.006691   0.02074   0.03119        17       640    0.3063    0.7136    0.3569    0.3479   0.00455    0.0109   0.02024
    82/299     5.61G  0.003803  0.006853   0.02064   0.03129        17       640    0.2964    0.8057    0.3652    0.3539  0.004315   0.01116   0.02013
    83/299     5.61G  0.003854  0.006873   0.02042   0.03115        21       640    0.3009    0.7974    0.3733    0.3634  0.004232   0.01076   0.01993
    84/299     5.61G  0.003813    0.0068   0.02038     0.031        17       640    0.3079    0.7864    0.3775    0.3667  0.004202   0.01084   0.01982
    85/299     5.61G  0.003788  0.007116   0.02027   0.03117        20       640    0.3059    0.8479    0.3838    0.3711  0.004268   0.01125    0.0199
    86/299     5.61G  0.003942  0.006965   0.02017   0.03107        18       640    0.3032    0.8579    0.3878    0.3777  0.004129   0.01108   0.01954
    87/299     5.61G  0.003686  0.006729   0.02005   0.03046        20       640    0.3248    0.7601    0.3946    0.3854  0.004184    0.0107   0.01946
    88/299     5.61G  0.003747  0.006771   0.01995   0.03047        15       640    0.3161    0.8229    0.4003    0.3902  0.004143   0.01098   0.01933
    89/299     5.61G  0.003796  0.006949   0.01993   0.03068        13       640    0.3356    0.7564    0.4062    0.3954  0.004175    0.0109   0.01921
    90/299     5.61G  0.003745  0.006705   0.01978   0.03023        16       640    0.3403    0.7708    0.4133    0.4023  0.003981   0.01083    0.0191
    91/299     5.61G   0.00369  0.006782   0.01967   0.03014        13       640    0.3375    0.8354    0.4202    0.4099  0.004074   0.01051   0.01911
    92/299     5.61G  0.003761  0.006828   0.01964   0.03023        21       640    0.3409    0.8054     0.427    0.4169  0.003928   0.01068   0.01885
    93/299     5.61G  0.003711  0.006657   0.01948   0.02984        23       640    0.3461    0.8068    0.4252    0.4152  0.003854   0.01086   0.01882
    94/299     5.61G  0.003766  0.006887   0.01947   0.03012        21       640    0.3484     0.798     0.429     0.418  0.004022   0.01074   0.01875
    95/299     5.61G  0.003587  0.006686   0.01947   0.02974        17       640    0.3422    0.8354    0.4276    0.4149  0.004146   0.01115    0.0187
    96/299     5.61G  0.003656  0.006752   0.01941   0.02981        21       640    0.3462    0.8283    0.4322    0.4204  0.004038    0.0109   0.01856
    97/299     5.61G  0.003651  0.006749   0.01935   0.02975        12       640    0.3625    0.7705    0.4344    0.4217  0.004134   0.01112   0.01853
    98/299     5.61G  0.003557  0.006738   0.01928   0.02957        15       640    0.3585    0.7963    0.4386    0.4249  0.004064   0.01098   0.01847
    99/299     5.61G  0.003611  0.006713   0.01926   0.02959        19       640    0.3618    0.7816    0.4366    0.4221  0.004054   0.01134   0.01848
   100/299     5.61G  0.003611   0.00678   0.01922   0.02961        21       640    0.3617    0.7979    0.4402    0.4256   0.00408   0.01122    0.0184
   101/299     5.61G  0.003622  0.006608   0.01923   0.02946        16       640    0.3639    0.8016    0.4402    0.4272  0.004002   0.01122   0.01846
   102/299     5.61G  0.003557   0.00648   0.01905   0.02909        18       640    0.3684     0.792    0.4505     0.438  0.003933   0.01109   0.01825
   103/299     5.61G  0.003543  0.006793   0.01908   0.02942        30       640    0.3697    0.7961    0.4561    0.4434  0.003963   0.01098   0.01818
   104/299     5.61G  0.003594  0.006721   0.01905   0.02936        20       640     0.365    0.8105     0.461    0.4473  0.004037   0.01077   0.01814
   105/299     5.61G  0.003618   0.00668   0.01906   0.02936        19       640    0.3625    0.8306    0.4625    0.4505  0.003925   0.01059   0.01811
   106/299     5.61G  0.003584  0.006588   0.01898   0.02915        14       640    0.3728    0.8021    0.4668    0.4553  0.003904   0.01089   0.01806
   107/299     5.61G  0.003436  0.006664   0.01887   0.02897        21       640    0.3739    0.8013    0.4691    0.4566  0.003972   0.01113   0.01805
   108/299     5.61G  0.003501  0.006661   0.01887   0.02903        15       640    0.3724    0.7997    0.4702    0.4573  0.004083   0.01113   0.01803
   109/299     5.61G  0.003448  0.006582   0.01877    0.0288        16       640    0.3721    0.8104    0.4738      0.46  0.004041   0.01107   0.01795
   110/299     5.61G  0.003454  0.006769   0.01875   0.02897        21       640    0.3735    0.8203    0.4797    0.4661  0.003976   0.01118   0.01785
   111/299     5.61G  0.003589  0.006772   0.01867   0.02903        22       640    0.3757    0.8145    0.4874    0.4744  0.003957   0.01126   0.01775
   112/299     5.61G  0.003429  0.006571   0.01857   0.02857        17       640    0.3917      0.78    0.4854     0.471  0.004052   0.01119   0.01774
   113/299     5.61G  0.003461  0.006696   0.01865   0.02881        17       640    0.3891    0.7953    0.4867    0.4739  0.003939   0.01104   0.01768
   114/299     5.61G  0.003478  0.006825   0.01874   0.02905        13       640    0.3835    0.8157    0.4897    0.4771  0.003946   0.01096   0.01763
   115/299     5.61G   0.00344  0.006661   0.01849   0.02859        15       640    0.3798    0.8309    0.4905    0.4784  0.003887   0.01101   0.01761
   116/299     5.61G  0.003337   0.00639   0.01838   0.02811        18       640    0.3953    0.7909    0.4942    0.4816  0.003906   0.01108   0.01756
   117/299     5.61G  0.003347  0.006555   0.01846   0.02837        17       640    0.3989    0.7796    0.4991    0.4873  0.003921   0.01116   0.01751
   118/299     5.61G  0.003393  0.006567    0.0183   0.02826        13       640    0.3885    0.8288    0.5012    0.4888  0.003947   0.01104   0.01745
   119/299     5.61G    0.0034  0.006641    0.0183   0.02834        18       640    0.3935    0.8115    0.5009    0.4878  0.003876    0.0111   0.01743
   120/299     5.61G  0.003476   0.00666   0.01834   0.02848        17       640    0.4039    0.7868    0.5028    0.4905  0.003914   0.01118   0.01743
   121/299     5.61G  0.003358  0.006609   0.01837   0.02834        21       640     0.398    0.8014    0.5047    0.4912  0.003995   0.01118   0.01734
   122/299     5.61G  0.003361  0.006467   0.01828   0.02811        13       640     0.422    0.7522    0.5067    0.4939  0.003903    0.0111   0.01729
   123/299     5.61G  0.003347  0.006491   0.01814   0.02798        15       640    0.4176    0.7607    0.5055    0.4918  0.003847   0.01117   0.01727
   124/299     5.61G  0.003328  0.006363   0.01803   0.02772        13       640    0.4228    0.7529     0.507    0.4931  0.003915   0.01116   0.01728
   125/299     5.61G  0.003243   0.00649    0.0183   0.02804        13       640    0.4212     0.756    0.5088    0.4941  0.003909   0.01117   0.01722
   126/299     5.61G  0.003336  0.006679   0.01811   0.02812        16       640    0.4157    0.7665    0.5132    0.4987  0.003868   0.01123   0.01716
   127/299     5.61G  0.003286  0.006631     0.018   0.02792        18       640      0.42    0.7665    0.5139    0.4994  0.003897   0.01121   0.01714
   128/299     5.61G  0.003346  0.006645   0.01814   0.02813        15       640    0.4119    0.7868     0.514    0.5002  0.003898   0.01131   0.01713
   129/299     5.61G  0.003325  0.006658   0.01793   0.02791        18       640    0.4243    0.7699     0.516    0.5023  0.003894   0.01134    0.0171
   130/299     5.61G  0.003267  0.006413   0.01795   0.02763        22       640    0.4172    0.7827    0.5164    0.5026  0.003927   0.01141   0.01709
   131/299     5.61G   0.00327  0.006389   0.01791   0.02757        12       640    0.4327    0.7579    0.5194    0.5068  0.003897   0.01146   0.01703
   132/299     5.61G  0.003199  0.006564     0.018   0.02776        21       640    0.4247    0.7754    0.5205    0.5072  0.003881   0.01149   0.01704
   133/299     5.61G  0.003238  0.006497   0.01786    0.0276        13       640    0.4306    0.7668    0.5225    0.5088  0.003849   0.01145   0.01701
   134/299     5.61G  0.003213  0.006608   0.01777   0.02759        19       640    0.4239    0.7789    0.5242    0.5108  0.003828    0.0115   0.01697
   135/299     5.61G  0.003246  0.006377   0.01781   0.02743        14       640    0.4407    0.7516    0.5249    0.5115  0.003855   0.01146   0.01695
   136/299     5.61G  0.003193   0.00653   0.01778   0.02751        18       640    0.4267    0.7777    0.5267    0.5134  0.003889   0.01145   0.01691
   137/299     5.61G   0.00308  0.006369   0.01779   0.02724        16       640    0.4391    0.7585    0.5272    0.5136  0.003874   0.01139   0.01689
   138/299     5.61G  0.003124  0.006394   0.01772   0.02724        18       640    0.4445     0.752    0.5266    0.5122  0.003892   0.01136   0.01688
   139/299     5.61G  0.003223  0.006447   0.01777   0.02744        17       640    0.4312    0.7785    0.5297    0.5154  0.003878   0.01143   0.01683
   140/299     5.61G  0.003168  0.006539   0.01766   0.02737        14       640    0.4423    0.7623    0.5291    0.5154  0.003836   0.01149   0.01683
   141/299     5.61G  0.003113  0.006331   0.01766    0.0271        14       640    0.4362    0.7749    0.5309    0.5167  0.003855   0.01147    0.0168
   142/299     5.61G  0.003095  0.006348   0.01752   0.02697        12       640    0.4384    0.7764    0.5312    0.5169   0.00385   0.01146   0.01677
   143/299     5.61G  0.003075  0.006452   0.01763   0.02716        17       640    0.4476    0.7632    0.5325    0.5179  0.003842   0.01144   0.01677
   144/299     5.61G  0.003086  0.006367   0.01751   0.02696        24       640     0.452    0.7605    0.5345    0.5197  0.003845   0.01149   0.01671
   145/299     5.61G   0.00312  0.006513   0.01754   0.02717        21       640    0.4579    0.7523    0.5333    0.5177  0.003856   0.01144   0.01672
   146/299     5.61G  0.002972  0.006189   0.01758   0.02674        22       640    0.4494    0.7669    0.5345    0.5192  0.003829   0.01136   0.01671
   147/299     5.61G  0.003028  0.006357    0.0175   0.02688        18       640    0.4533    0.7634    0.5343     0.518   0.00383   0.01132    0.0167
   148/299     5.61G  0.003078  0.006426   0.01745   0.02696        17       640    0.4562    0.7565    0.5344    0.5182  0.003865   0.01134   0.01669
   149/299     5.61G  0.003118  0.006468   0.01756   0.02714        22       640    0.4548    0.7597    0.5354    0.5191  0.003843   0.01128   0.01666
   150/299     5.61G  0.003081  0.006287   0.01748   0.02685        18       640    0.4597    0.7518    0.5364    0.5199  0.003841   0.01125   0.01663
   151/299     5.61G  0.003069  0.006421   0.01745   0.02694        14       640    0.4482    0.7739    0.5379    0.5216   0.00383   0.01122   0.01662
   152/299     5.61G  0.002948   0.00618   0.01733   0.02646        16       640    0.4531    0.7653     0.539    0.5233  0.003818   0.01124    0.0166
   153/299     5.61G  0.002948  0.006378   0.01743   0.02676        19       640    0.4523    0.7657      0.54    0.5233  0.003838   0.01127   0.01659
   154/299     5.61G  0.002983  0.006157   0.01727   0.02641        15       640    0.4598     0.755    0.5402    0.5235  0.003853    0.0113   0.01657
   155/299     5.61G     0.003   0.00645   0.01739   0.02684        15       640    0.4608    0.7534    0.5413    0.5241  0.003832   0.01127   0.01657
   156/299     5.61G  0.002898  0.006367   0.01735   0.02661        16       640    0.4623    0.7512    0.5416    0.5241  0.003811   0.01128   0.01653
   157/299     5.61G  0.002995  0.006381   0.01717   0.02655        20       640    0.4627    0.7534    0.5423    0.5246  0.003801   0.01125   0.01653
   158/299     5.61G   0.00296  0.006214   0.01726   0.02643        17       640    0.4628    0.7533    0.5433    0.5256  0.003798   0.01126   0.01651
   159/299     5.61G  0.002963  0.006362   0.01717    0.0265        16       640    0.4687    0.7449     0.543    0.5256  0.003797   0.01127   0.01649
   160/299     5.61G   0.00289  0.006262   0.01716   0.02632        15       640    0.4685    0.7471    0.5441    0.5272  0.003799   0.01129   0.01646
   161/299     5.61G  0.002961  0.006364   0.01724   0.02656        16       640     0.456    0.7665    0.5446    0.5278  0.003782   0.01129   0.01645
   162/299     5.61G  0.002865  0.006224   0.01727   0.02636        18       640    0.4693    0.7483    0.5459    0.5287  0.003774    0.0113   0.01644
   163/299     5.61G  0.002865  0.006146   0.01732   0.02633        15       640    0.4653    0.7526    0.5464    0.5291  0.003765   0.01128   0.01644
   164/299     5.61G  0.002821  0.006157   0.01713    0.0261        19       640      0.47    0.7482     0.547    0.5295   0.00378    0.0113   0.01643
   165/299     5.61G  0.002969  0.006295   0.01713    0.0264        18       640    0.4546    0.7736    0.5477    0.5299  0.003776   0.01126   0.01641
   166/299     5.61G  0.002806  0.006173   0.01711   0.02608        19       640    0.4723    0.7459    0.5476    0.5295  0.003775   0.01127   0.01641
   167/299     5.61G  0.002849  0.006279   0.01714   0.02627        24       640    0.4709    0.7476    0.5485    0.5302  0.003778   0.01127    0.0164
   168/299     5.61G   0.00288  0.006278   0.01715    0.0263        18       640     0.471    0.7466    0.5485    0.5303  0.003771   0.01129   0.01638
   169/299     5.61G  0.002811  0.006221   0.01714   0.02617        17       640    0.4745    0.7472    0.5481      0.53  0.003772   0.01132   0.01638
   170/299     5.61G   0.00278  0.006109   0.01698   0.02587        20       640    0.4735    0.7461    0.5488    0.5313  0.003776    0.0113   0.01638
   171/299     5.61G  0.002834  0.006151   0.01697   0.02595        15       640    0.4726    0.7472    0.5495    0.5318  0.003776   0.01132   0.01637
   172/299     5.61G  0.002819  0.006228   0.01705    0.0261        19       640    0.4743    0.7466    0.5488    0.5311  0.003771    0.0113   0.01636
   173/299     5.61G  0.002829  0.006199   0.01718    0.0262        17       640    0.4736     0.747    0.5489    0.5313  0.003764    0.0113   0.01636
   174/299     5.61G  0.002774  0.006214   0.01703   0.02602        20       640    0.4768     0.745      0.55    0.5321  0.003761   0.01131   0.01635
   175/299     5.61G  0.002764  0.006154   0.01699   0.02591        18       640    0.4774    0.7419    0.5502    0.5321  0.003753    0.0113   0.01635
   176/299     5.61G  0.002773  0.006021     0.017   0.02579        19       640    0.4658    0.7611    0.5504    0.5326  0.003745   0.01128   0.01633
   177/299     5.61G  0.002757  0.006179   0.01704   0.02597        27       640    0.4655    0.7618     0.551    0.5332  0.003747   0.01128   0.01633
   178/299     5.61G  0.002717    0.0062   0.01696   0.02588        12       640    0.4648    0.7635    0.5519    0.5343  0.003751   0.01126   0.01632
   179/299     5.61G  0.002721  0.006039   0.01695   0.02571        21       640    0.4664    0.7612    0.5522    0.5344  0.003752   0.01125   0.01632
   180/299     5.61G  0.002741  0.006121   0.01687   0.02574        19       640    0.4655     0.765    0.5526    0.5348  0.003758   0.01124   0.01631
   181/299     5.61G  0.002699  0.006016   0.01694   0.02565        17       640    0.4629    0.7676    0.5529     0.535  0.003751   0.01123   0.01631
   182/299     5.61G  0.002686  0.006054   0.01684   0.02558        19       640    0.4659    0.7623    0.5535    0.5355  0.003735   0.01123    0.0163
   183/299     5.61G   0.00265   0.00605   0.01688   0.02558        21       640    0.4605    0.7728     0.554     0.536  0.003732   0.01124    0.0163
   184/299     5.61G  0.002646   0.00596    0.0168    0.0254        17       640    0.4688    0.7581    0.5543    0.5361  0.003719   0.01125   0.01629
   185/299     5.61G  0.002663  0.006049   0.01689    0.0256        21       640    0.4711    0.7555    0.5538    0.5357  0.003713   0.01126   0.01629
   186/299     5.61G  0.002698  0.006218   0.01684   0.02576        22       640    0.4834     0.737    0.5541     0.536  0.003709   0.01125   0.01628
   187/299     5.61G  0.002649  0.006026   0.01682    0.0255        14       640    0.4697    0.7585    0.5547    0.5365  0.003713   0.01126   0.01628
   188/299     5.61G  0.002626  0.006144   0.01678   0.02555        19       640    0.4752    0.7513    0.5545    0.5362  0.003707   0.01126   0.01628
   189/299     5.61G  0.002663   0.00604   0.01683   0.02553        13       640    0.4845    0.7356    0.5541    0.5358  0.003699   0.01126   0.01627
   190/299     5.61G  0.002642  0.006078   0.01697   0.02569        15       640    0.4837     0.739    0.5546    0.5363  0.003699   0.01127   0.01627
   191/299     5.61G  0.002576  0.005956    0.0168   0.02533        14       640    0.4815    0.7429    0.5554    0.5371  0.003687   0.01124   0.01626
   192/299     5.61G  0.002647  0.006195   0.01679   0.02563        15       640    0.4828    0.7428    0.5555    0.5373   0.00369   0.01124   0.01626
   193/299     5.61G   0.00261   0.00599   0.01683   0.02543        21       640    0.4832    0.7442    0.5558    0.5378   0.00368   0.01123   0.01625
   194/299     5.61G  0.002576  0.006074   0.01678   0.02543        12       640    0.4866    0.7372    0.5561    0.5382  0.003676   0.01123   0.01625
   195/299     5.61G  0.002564  0.005991   0.01674    0.0253        15       640    0.4878     0.737    0.5562    0.5384  0.003672   0.01124   0.01624
   196/299     5.61G  0.002566  0.006003   0.01675   0.02532        28       640    0.4875    0.7378    0.5568    0.5391  0.003674   0.01124   0.01624
   197/299     5.61G  0.002574  0.005991    0.0167   0.02527        15       640    0.4879    0.7375    0.5568    0.5388  0.003672   0.01124   0.01623
   198/299     5.61G  0.002549  0.006009   0.01661   0.02516        19       640    0.4882    0.7385    0.5569    0.5391   0.00367   0.01124   0.01623
   199/299     5.61G  0.002525    0.0059    0.0167   0.02513        14       640     0.488    0.7381    0.5573    0.5394  0.003661   0.01123   0.01622
   200/299     5.61G  0.002486  0.005967   0.01662   0.02507        16       640    0.4889    0.7389    0.5573    0.5395  0.003655   0.01122   0.01622
   201/299     5.61G  0.002562  0.005962    0.0166   0.02512        21       640    0.4895    0.7384    0.5583    0.5408  0.003655   0.01122   0.01621
   202/299     5.61G  0.002475  0.005845   0.01656   0.02488        13       640    0.4913    0.7366    0.5585    0.5409  0.003652   0.01122   0.01621
   203/299     5.61G  0.002506  0.005837   0.01667   0.02501        16       640    0.4863      0.74    0.5587    0.5411  0.003651   0.01122   0.01621
   204/299     5.61G  0.002455  0.005926   0.01669   0.02508        15       640    0.4878    0.7398    0.5587    0.5411  0.003651   0.01122   0.01621
   205/299     5.61G  0.002482  0.005929   0.01651   0.02492        15       640    0.4878    0.7399    0.5588    0.5412  0.003647   0.01123    0.0162
   206/299     5.61G  0.002516  0.006038   0.01658   0.02513        15       640    0.4915    0.7361     0.559    0.5412  0.003634   0.01122   0.01621
   207/299     5.61G  0.002497  0.006106   0.01654   0.02515        21       640    0.4872    0.7406     0.559    0.5413  0.003627   0.01122    0.0162
   208/299     5.61G  0.002476  0.005942   0.01662   0.02504        22       640    0.4878    0.7387    0.5599    0.5424  0.003624   0.01122   0.01619
   209/299     5.61G  0.002488  0.005997    0.0165   0.02499        19       640    0.4884    0.7387    0.5595     0.542   0.00362   0.01122   0.01619
   210/299     5.61G  0.002421  0.005815   0.01664   0.02488        14       640    0.4967    0.7275    0.5598    0.5421  0.003615   0.01123   0.01619
   211/299     5.61G   0.00248  0.006041   0.01635   0.02487        16       640    0.4573    0.7883    0.5601    0.5426  0.003609   0.01123   0.01619
   212/299     5.61G  0.002437  0.006072   0.01658   0.02509        21       640    0.4853    0.7414    0.5605    0.5429  0.003603   0.01123   0.01619
   213/299     5.61G  0.002404  0.005858   0.01629   0.02455        15       640    0.4855    0.7408    0.5606     0.543  0.003598   0.01122   0.01619
   214/299     5.61G  0.002437  0.005847   0.01642    0.0247        17       640    0.4915     0.734    0.5605    0.5433  0.003582   0.01122   0.01619
   215/299     5.61G  0.002388    0.0058   0.01639   0.02458        12       640    0.4625    0.7816    0.5609    0.5436  0.003577   0.01122   0.01619
   216/299     5.61G  0.002431  0.005858   0.01656   0.02485        17       640    0.4984    0.7264    0.5608    0.5435  0.003573   0.01122   0.01619
   217/299     5.61G  0.002422  0.005901   0.01638    0.0247        12       640    0.4833    0.7458    0.5611    0.5437  0.003564   0.01123   0.01618
   218/299     5.61G  0.002388  0.005983   0.01635   0.02472        21       640    0.4663    0.7748    0.5622    0.5451  0.003557   0.01124   0.01617
   219/299     5.61G  0.002366  0.005915   0.01656   0.02484        16       640     0.502    0.7247    0.5625    0.5454  0.003552   0.01124   0.01617
   220/299     5.61G  0.002365  0.005946    0.0164   0.02471        18       640    0.4655     0.777    0.5624    0.5452  0.003543   0.01125   0.01617
   221/299     5.61G  0.002409  0.005951   0.01645   0.02481        19       640    0.4638    0.7826    0.5628    0.5453   0.00354   0.01126   0.01616
   222/299     5.61G  0.002347  0.005732   0.01619   0.02427        18       640    0.4659    0.7794    0.5629    0.5457  0.003539   0.01127   0.01616
   223/299     5.61G  0.002377  0.005851   0.01625   0.02448        17       640    0.4981    0.7309    0.5632    0.5461  0.003539   0.01128   0.01616
   224/299     5.61G  0.002336  0.005918   0.01642   0.02467        16       640    0.4972    0.7313    0.5634    0.5464  0.003538   0.01127   0.01616
   225/299     5.61G  0.002364  0.005867    0.0163   0.02453        17       640     0.499    0.7304    0.5633    0.5462  0.003536   0.01128   0.01615
   226/299     5.61G  0.002284  0.005798   0.01629   0.02437        17       640    0.4609      0.79    0.5638    0.5468  0.003536   0.01129   0.01615
   227/299     5.61G  0.002302  0.005705    0.0163   0.02431        21       640    0.4618    0.7884    0.5639     0.547  0.003535   0.01128   0.01615
   228/299     5.61G  0.002319  0.005672   0.01619   0.02418        18       640    0.4712    0.7729    0.5638    0.5471  0.003529   0.01126   0.01614
   229/299     5.61G   0.00231  0.005758   0.01617   0.02424        15       640    0.4802    0.7579    0.5642    0.5472  0.003524   0.01125   0.01614
   230/299     5.61G  0.002301  0.005851   0.01637   0.02452        17       640    0.4801    0.7587    0.5643    0.5474  0.003521   0.01124   0.01613
   231/299     5.61G  0.002253  0.005713    0.0162   0.02417        16       640    0.4808    0.7592    0.5642    0.5474  0.003517   0.01125   0.01613
   232/299     5.61G  0.002302  0.005868    0.0162   0.02437        18       640    0.4696    0.7808    0.5644    0.5476   0.00352   0.01126   0.01612
   233/299     5.61G  0.002301  0.005837   0.01622   0.02436        18       640    0.4704    0.7812     0.565    0.5484  0.003523   0.01128   0.01612
   234/299     5.61G   0.00228  0.005694   0.01616   0.02414        12       640    0.4685    0.7842    0.5652    0.5487  0.003524   0.01129   0.01611
   235/299     5.61G  0.002267  0.005688    0.0162   0.02416        14       640    0.4694     0.783    0.5654     0.549  0.003523   0.01131   0.01611
   236/299     5.61G  0.002232  0.005776    0.0162    0.0242        13       640    0.4701    0.7812    0.5651    0.5487  0.003519   0.01131   0.01612
   237/299     5.61G  0.002268  0.005774   0.01632   0.02436        14       640    0.4662    0.7886    0.5651    0.5485  0.003522   0.01132   0.01612
   238/299     5.61G  0.002227  0.005737   0.01623   0.02419        19       640    0.4674    0.7876    0.5654    0.5488  0.003519   0.01133   0.01612
   239/299     5.61G  0.002216  0.005578   0.01623   0.02402        15       640    0.4672    0.7884    0.5658    0.5493  0.003515   0.01133   0.01612
   240/299     5.61G  0.002251  0.005714   0.01613    0.0241        18       640    0.4679    0.7896    0.5657    0.5492  0.003515   0.01133   0.01612
   241/299     5.61G  0.002209  0.005771   0.01612    0.0241        19       640    0.4673    0.7921    0.5656    0.5491  0.003513   0.01133   0.01612
   242/299     5.61G  0.002233  0.005666   0.01614   0.02404        12       640    0.4671    0.7917    0.5665    0.5501  0.003506   0.01133   0.01611
   243/299     5.61G  0.002208   0.00564   0.01614   0.02399        14       640    0.4885    0.7521     0.566    0.5498  0.003502   0.01133   0.01611
   244/299     5.61G  0.002209  0.005676   0.01623   0.02411        17       640      0.47    0.7843    0.5661    0.5499  0.003497   0.01133   0.01611
   245/299     5.61G   0.00219  0.005618   0.01613   0.02394        13       640    0.4719    0.7817    0.5656    0.5495  0.003499   0.01135   0.01611
   246/299     5.61G  0.002216  0.005719   0.01609   0.02402        16       640    0.4747    0.7762    0.5658    0.5497  0.003492   0.01136   0.01611
   247/299     5.61G   0.00216  0.005513   0.01608   0.02375        18       640    0.4891    0.7538    0.5662    0.5501  0.003484   0.01136   0.01611
   248/299     5.61G  0.002224  0.005751   0.01604   0.02402        14       640    0.4891    0.7543    0.5664    0.5502  0.003479   0.01135    0.0161
   249/299     5.61G  0.002149   0.00565   0.01605   0.02384        15       640    0.4694    0.7877    0.5669    0.5507  0.003475   0.01136    0.0161
   250/299     5.61G  0.002225  0.005818   0.01597   0.02401        20       640    0.4761    0.7772    0.5669    0.5509  0.003463   0.01135   0.01609
   251/299     5.61G  0.002193  0.005693   0.01601   0.02389        13       640    0.4771    0.7747    0.5671    0.5511  0.003454   0.01135   0.01609
   252/299     5.61G   0.00218  0.005679   0.01608   0.02394        16       640    0.4881    0.7586    0.5669     0.551   0.00345   0.01136   0.01609
   253/299     5.61G  0.002157  0.005594   0.01597   0.02372        12       640    0.4877    0.7584    0.5671    0.5513  0.003445   0.01135   0.01609
   254/299     5.61G  0.002182   0.00562   0.01599   0.02379        19       640    0.4897    0.7554    0.5675    0.5515  0.003435   0.01134   0.01609
   255/299     5.61G  0.002149   0.00566   0.01603   0.02384        24       640      0.49    0.7565    0.5677    0.5517  0.003434   0.01135   0.01608
   256/299     5.61G  0.002146  0.005627   0.01589   0.02367        13       640    0.4903    0.7563     0.568    0.5518  0.003439   0.01137   0.01608
   257/299     5.61G   0.00212  0.005391   0.01605   0.02356        15       640    0.4881    0.7604    0.5679    0.5519  0.003438   0.01137   0.01608
   258/299     5.61G  0.002118  0.005639   0.01603   0.02379        22       640    0.4803    0.7716    0.5676    0.5516  0.003436   0.01137   0.01608
   259/299     5.61G  0.002152  0.005595    0.0159   0.02364        19       640    0.4829    0.7711    0.5677    0.5519  0.003434   0.01138   0.01608
   260/299     5.61G  0.002154  0.005735   0.01593   0.02382        13       640    0.4835    0.7707    0.5674    0.5517  0.003432   0.01137   0.01609
   261/299     5.61G  0.002144  0.005585   0.01597    0.0237        15       640    0.4835    0.7714    0.5677    0.5519  0.003429   0.01137   0.01609
   262/299     5.61G  0.002171  0.005728   0.01595   0.02385        15       640    0.4832    0.7725    0.5679     0.552  0.003425   0.01138   0.01609
   263/299     5.61G  0.002126  0.005672   0.01592   0.02372        13       640    0.4817    0.7733    0.5682    0.5524  0.003421   0.01137   0.01609
   264/299     5.61G  0.002096   0.00563   0.01588    0.0236        19       640    0.4783    0.7764     0.568    0.5521   0.00342   0.01136   0.01609
   265/299     5.61G   0.00212  0.005635   0.01588   0.02363        13       640    0.4839    0.7673    0.5674    0.5517  0.003416   0.01136   0.01609
   266/299     5.61G  0.002126  0.005611   0.01596    0.0237        21       640    0.4842    0.7675    0.5678    0.5518  0.003413   0.01136   0.01609
   267/299     5.61G   0.00213  0.005627   0.01573   0.02349        14       640    0.4828    0.7693    0.5676    0.5517  0.003414   0.01137   0.01609
   268/299     5.61G  0.002134  0.005758     0.016   0.02389        19       640    0.4838    0.7697    0.5684    0.5525  0.003415   0.01136   0.01609
   269/299     5.61G  0.002112  0.005579   0.01586   0.02355        23       640    0.4838    0.7683    0.5678     0.552  0.003417   0.01136   0.01609
   270/299     5.61G  0.002106  0.005685    0.0158   0.02359        23       640    0.4816    0.7726    0.5688     0.553  0.003415   0.01135   0.01609
   271/299     5.61G  0.002074  0.005584    0.0158   0.02346        15       640    0.4855    0.7665    0.5685    0.5527  0.003417   0.01135   0.01609
   272/299     5.61G   0.00209  0.005543   0.01579   0.02342        15       640     0.484    0.7727    0.5683    0.5524  0.003416   0.01135   0.01609
   273/299     5.61G  0.002123  0.005486   0.01591   0.02352        19       640    0.4831    0.7722    0.5686    0.5526  0.003419   0.01135   0.01609
   274/299     5.61G  0.002088  0.005622   0.01573   0.02344        14       640     0.483    0.7723    0.5686    0.5526  0.003414   0.01135   0.01609
   275/299     5.61G  0.002102  0.005654   0.01597   0.02372        19       640    0.4816    0.7743    0.5685    0.5526  0.003407   0.01136    0.0161
   276/299     5.61G  0.002104  0.005577   0.01581   0.02349        16       640    0.4808    0.7758    0.5684    0.5525  0.003408   0.01136   0.01609
   277/299     5.61G  0.002089  0.005617   0.01587   0.02358        16       640    0.4818    0.7738    0.5687    0.5529  0.003409   0.01136   0.01609
   278/299     5.61G  0.002106  0.005661   0.01576   0.02352        18       640       0.5    0.7401    0.5685    0.5526  0.003412   0.01136   0.01609
   279/299     5.61G  0.002079  0.005548   0.01569   0.02331        16       640    0.4823    0.7736    0.5684    0.5525  0.003414   0.01136   0.01608
   280/299     5.61G  0.002072  0.005486    0.0157   0.02326        12       640     0.479    0.7778    0.5686    0.5525  0.003413   0.01137   0.01608
   281/299     5.61G  0.002149  0.005711   0.01581   0.02367        18       640    0.4838     0.769    0.5684    0.5525  0.003419   0.01137   0.01607
   282/299     5.61G  0.002102  0.005643   0.01583   0.02357        15       640    0.4885    0.7619    0.5692    0.5533  0.003417   0.01138   0.01606
   283/299     5.61G  0.002099  0.005583   0.01576   0.02345        16       640    0.4812    0.7756    0.5693     0.553   0.00342   0.01137   0.01606
   284/299     5.61G  0.002089  0.005623   0.01565   0.02337        16       640    0.4873    0.7651    0.5697    0.5536  0.003421   0.01137   0.01605
   285/299     5.61G   0.00209  0.005574   0.01563   0.02329        24       640    0.4865    0.7694    0.5693    0.5532  0.003421   0.01138   0.01604
   286/299     5.61G  0.002054  0.005493   0.01582   0.02337        20       640    0.4871    0.7665    0.5696    0.5535  0.003422   0.01139   0.01604
   287/299     5.61G  0.002067  0.005488   0.01564    0.0232        12       640    0.4877    0.7643    0.5689    0.5528  0.003425    0.0114   0.01605
   288/299     5.61G  0.002079  0.005527   0.01566   0.02327        15       640    0.4876    0.7638    0.5693    0.5531   0.00343   0.01141   0.01605
   289/299     5.61G  0.002058  0.005636   0.01574   0.02343        20       640    0.4873     0.765     0.569    0.5528  0.003426   0.01143   0.01605
   290/299     5.61G   0.00207  0.005592   0.01566   0.02332        20       640    0.4904    0.7608    0.5686    0.5526  0.003417   0.01143   0.01606
   291/299     5.61G  0.002114  0.005743   0.01575   0.02361        20       640    0.4898    0.7596    0.5682    0.5523  0.003415   0.01144   0.01606
   292/299     5.61G  0.002113  0.005701   0.01576   0.02357        13       640    0.4907    0.7589    0.5685    0.5527   0.00341   0.01143   0.01606
   293/299     5.61G  0.002043  0.005606    0.0157   0.02335        18       640    0.4909    0.7597    0.5686    0.5528  0.003404   0.01143   0.01606
   294/299     5.61G   0.00209  0.005528   0.01561   0.02323        21       640    0.4898    0.7592    0.5685    0.5529  0.003399   0.01144   0.01606
   295/299     5.61G  0.002121  0.005692   0.01574   0.02355        14       640    0.4926    0.7565    0.5686    0.5529  0.003396   0.01144   0.01606
   296/299     5.61G  0.002104  0.005687   0.01583   0.02362        14       640    0.4864    0.7646    0.5683    0.5526  0.003389   0.01144   0.01607
   297/299     5.61G  0.002102  0.005502    0.0157    0.0233        16       640    0.4906    0.7581    0.5683    0.5526  0.003384   0.01144   0.01606
   298/299     5.61G  0.002078  0.005568   0.01555   0.02319        22       640     0.487    0.7651    0.5683    0.5527  0.003376   0.01143   0.01607
   299/299     5.61G  0.002033   0.00547   0.01577   0.02327        23       640    0.4911    0.7568    0.5683    0.5527  0.003376   0.01142   0.01607
