     0/999    0.455G   0.03383  0.003484  0.007719   0.04504        37       640    0.1848    0.7966    0.1973    0.1364  0.009568 0.0006244  0.003084
     1/999      2.6G    0.0208  0.002673  0.006354   0.02983        45       640    0.2009    0.9775     0.215    0.1686  0.007644 0.0004778  0.003021
     2/999     2.83G   0.01877  0.002326  0.006323   0.02742        48       640    0.1997    0.9853    0.2117    0.1693  0.006168 0.0004908  0.002985
     3/999     2.84G   0.01712  0.002118  0.006378   0.02562        35       640    0.1999    0.9979    0.2137    0.1646  0.007041 0.0004519  0.002998
     4/999     2.84G   0.01389  0.001931  0.006145   0.02196        50       640       0.2    0.9992    0.2166    0.1709  0.006539 0.0004925  0.002993
     5/999     2.84G   0.01301  0.001805  0.006163   0.02098        37       640    0.2001    0.9984    0.2223    0.1794  0.006693 0.0005105  0.002984
     6/999     2.84G   0.01199  0.001728  0.006024   0.01974        47       640    0.2017    0.9757    0.2152    0.1676  0.006473  0.000505  0.002977
     7/999     2.84G   0.01175  0.001674   0.00609   0.01951        43       640       0.2    0.9988    0.2145    0.1704  0.007338 0.0004747   0.00299
     8/999     2.84G   0.01114  0.001596  0.006118   0.01885        32       640    0.2005     0.987    0.2143    0.1829  0.006161 0.0004809  0.002989
     9/999     2.84G   0.01126  0.001621  0.006106   0.01898        45       640    0.1999    0.9988     0.214    0.1912  0.004592 0.0004974  0.002986
    10/999     2.84G   0.01089   0.00155   0.00602   0.01846        39       640    0.1999    0.9995    0.2123    0.1815  0.005504 0.0004964  0.002985
    11/999     2.84G   0.01006  0.001541  0.006011   0.01761        34       640       0.2     0.999    0.2145    0.1931  0.004543 0.0004301  0.002979
    12/999     2.84G   0.01031  0.001507  0.006047   0.01787        42       640       0.2    0.9989    0.2163    0.1817  0.005478 0.0004988  0.002975
    13/999     2.84G  0.009992  0.001476  0.006046   0.01751        48       640    0.1999    0.9995    0.2133    0.1838  0.005753 0.0005269  0.002976
    14/999     2.84G   0.01023  0.001487  0.006085    0.0178        44       640       0.2    0.9974    0.2171    0.1922  0.004475 0.0005084  0.002977
    15/999     2.84G   0.01001  0.001477  0.006058   0.01755        47       640    0.1999    0.9995    0.2174    0.1866  0.005249 0.0005309  0.002982
    16/999     2.84G  0.009611  0.001429   0.00604   0.01708        42       640       0.2     0.999    0.2166    0.1905  0.005589 0.0005177  0.002987
    17/999     2.84G  0.009484  0.001437  0.006037   0.01696        49       640    0.2006    0.9864    0.2122    0.1882  0.004593 0.0005321  0.002977
    18/999     2.84G  0.009786   0.00143  0.006033   0.01725        51       640    0.2002    0.9977     0.213    0.1851  0.004964 0.0005333  0.002984
    19/999     2.84G  0.009278  0.001401  0.006008   0.01669        47       640    0.2001    0.9969    0.2118    0.1886  0.004574 0.0004456   0.00298
    20/999     2.84G  0.009304  0.001394  0.006035   0.01673        40       640    0.2004    0.9932    0.2138    0.1897  0.004697 0.0005192  0.002972
    21/999     2.84G  0.009615  0.001392   0.00609    0.0171        44       640    0.1999    0.9994    0.2127    0.1916   0.00428 0.0005436  0.002977
    22/999     2.84G  0.009595  0.001347  0.006093   0.01704        35       640    0.1999    0.9984    0.2138    0.1878  0.004927 0.0005748  0.002969
    23/999     2.84G  0.009227   0.00135  0.006068   0.01665        41       640    0.2002    0.9953    0.2139     0.188  0.005365 0.0005153  0.002974
    24/999     2.84G  0.009369  0.001364  0.006051   0.01678        47       640    0.2004    0.9895    0.2202    0.1936  0.004557 0.0005696  0.002971
    25/999     2.84G  0.009067  0.001346   0.00606   0.01647        37       640    0.2001    0.9957     0.217    0.1944  0.004362 0.0005678  0.002969
    26/999     2.84G  0.008806  0.001323  0.006052   0.01618        54       640       0.2    0.9989     0.215    0.1911  0.004508 0.0004465   0.00297
    27/999     2.84G  0.008793  0.001318  0.006002   0.01611        46       640       0.2    0.9988    0.2189    0.1965  0.004119 0.0005888  0.002977
    28/999     2.84G  0.008814  0.001311  0.006101   0.01623        39       640    0.2001    0.9968    0.2157    0.1913  0.004567 0.0005825  0.002975
    29/999     2.84G  0.008692  0.001322  0.006057   0.01607        32       640    0.2003    0.9949    0.2173    0.1949  0.004411 0.0004838  0.002969
    30/999     2.84G  0.008284  0.001308  0.005981   0.01557        35       640       0.2    0.9981    0.2152    0.1883  0.004849 0.0005102  0.002979
    31/999     2.84G  0.008401  0.001282  0.006027   0.01571        32       640       0.2    0.9988    0.2169    0.1967  0.003992 0.0005248  0.002976
    32/999     2.84G  0.008752  0.001272  0.006029   0.01605        41       640    0.1999    0.9989    0.2178    0.1956  0.004492 0.0005299  0.002974
    33/999     2.84G  0.008868  0.001288  0.006053   0.01621        42       640       0.2    0.9995    0.2168    0.1928  0.004841 0.0005342  0.002975
    34/999     2.84G  0.008515  0.001289   0.00604   0.01584        40       640    0.2001     0.997     0.216    0.2022  0.003807 0.0004938  0.002971
    35/999     2.84G  0.008436  0.001285  0.006025   0.01575        47       640    0.2002    0.9961    0.2183    0.2024   0.00371 0.0005218  0.002978
    36/999     2.84G  0.008704  0.001285  0.006056   0.01605        41       640    0.2002    0.9969    0.2164     0.194  0.004195 0.0004622  0.002971
    37/999     2.84G  0.008144  0.001285   0.00601   0.01544        39       640    0.2002    0.9968    0.2155     0.193  0.004528 0.0005381   0.00297
    38/999     2.84G  0.008188  0.001263  0.005982   0.01543        37       640    0.2001     0.999    0.2141    0.1976  0.003853 0.0004904  0.002976
    39/999     2.84G  0.008599  0.001246  0.006051    0.0159        44       640    0.2001    0.9967    0.2223    0.1982  0.004426   0.00058  0.002977
    40/999     2.84G  0.008517  0.001265  0.006081   0.01586        41       640    0.2009    0.9862    0.2187    0.1984  0.003781 0.0005085   0.00297
    41/999     2.84G   0.00839  0.001261  0.006001   0.01565        39       640    0.2002     0.995     0.216     0.195  0.004267 0.0004252  0.002971
    42/999     2.84G  0.008102  0.001237  0.006039   0.01538        37       640    0.2002    0.9963    0.2191    0.1946    0.0045 0.0004878   0.00297
    43/999     2.84G  0.008094  0.001247  0.006053   0.01539        34       640    0.2001     0.999    0.2211    0.1971  0.004506 0.0005609  0.002968
    44/999     2.84G  0.007897  0.001237  0.006001   0.01513        38       640    0.2001    0.9984    0.2175    0.1944  0.004309 0.0004537  0.002969
    45/999     2.84G  0.008043   0.00126  0.005998    0.0153        54       640       0.2    0.9983    0.2185       0.2  0.003741 0.0003774  0.002981
    46/999     2.84G  0.007643  0.001229  0.005959   0.01483        54       640    0.2001    0.9953    0.2202    0.1995  0.004351  0.000471  0.002973
    47/999     2.84G  0.007797  0.001248   0.00597   0.01501        30       640    0.2001    0.9979    0.2186     0.197  0.004166 0.0004426  0.002968
    48/999     2.84G  0.008239  0.001235  0.006073   0.01555        47       640    0.2002    0.9958    0.2178     0.194  0.004398 0.0005043  0.002965
    49/999     2.84G  0.008305  0.001218  0.006084   0.01561        36       640    0.2002    0.9969    0.2162    0.1968  0.003712 0.0005722  0.002968
    50/999     2.84G  0.007976  0.001242  0.005979    0.0152        43       640    0.2002    0.9957    0.2181    0.1968  0.004109 0.0005849  0.002964
    51/999     2.84G  0.007988  0.001207     0.006   0.01519        45       640    0.2002    0.9973    0.2187    0.2002  0.003958 0.0005022  0.002968
    52/999     2.84G  0.008123  0.001224  0.006022   0.01537        39       640    0.2003    0.9958    0.2184     0.199  0.003972 0.0005202  0.002968
    53/999     2.84G  0.008065  0.001214  0.006034   0.01531        47       640    0.2003    0.9911    0.2162    0.1918  0.004412 0.0005338  0.002968
    54/999     2.84G  0.008085  0.001224  0.005996   0.01531        48       640    0.2001    0.9989    0.2173    0.1982  0.004043 0.0005481  0.002975
    55/999     2.84G    0.0075  0.001194  0.005965   0.01466        43       640    0.2001    0.9952    0.2197    0.2009  0.003826 0.0004656  0.002973
    56/999     2.84G  0.008083  0.001196   0.00607   0.01535        47       640    0.2001    0.9969    0.2194    0.1996  0.004159 0.0004449   0.00297
    57/999     2.84G  0.008247  0.001207   0.00603   0.01548        52       640    0.2001    0.9988     0.219    0.1998  0.003908 0.0004913  0.002969
    58/999     2.84G   0.00774  0.001208  0.006025   0.01497        44       640       0.2    0.9979    0.2213    0.2006   0.00404 0.0004668  0.002969
    59/999     2.84G  0.007621  0.001192  0.006025   0.01484        38       640    0.2004    0.9924    0.2169    0.2003  0.003615 0.0005245  0.002971
    60/999     2.84G  0.007875  0.001204  0.006004   0.01508        47       640    0.2001    0.9979    0.2227    0.2024  0.004127 0.0004756  0.002965
    61/999     2.84G  0.007531  0.001179  0.005996   0.01471        43       640       0.2    0.9989    0.2234    0.2019  0.004061 0.0005179  0.002968
    62/999     2.84G  0.008184  0.001219   0.00605   0.01545        46       640    0.2002    0.9948    0.2203    0.2033  0.003627 0.0004217  0.002963
    63/999     2.84G  0.007821  0.001198  0.006005   0.01503        39       640    0.2002    0.9955    0.2225     0.205  0.003641 0.0004398  0.002965
    64/999     2.84G  0.007774  0.001178  0.006031   0.01498        49       640       0.2    0.9987    0.2195    0.2038  0.003595 0.0004733  0.002966
    65/999     2.84G  0.007667  0.001189  0.005964   0.01482        42       640    0.2003    0.9947    0.2213    0.2018  0.003991 0.0004315  0.002963
    66/999     2.84G  0.007978  0.001213  0.006029   0.01522        47       640    0.2002    0.9974    0.2217    0.2013  0.004266  0.000486  0.002969
    67/999     2.84G  0.007441  0.001182   0.00603   0.01465        39       640    0.2008    0.9853    0.2268    0.2099  0.003542 0.0004159  0.002965
    68/999     2.84G  0.007695    0.0012  0.006022   0.01492        39       640    0.2003    0.9962    0.2227    0.2039  0.004085 0.0004485  0.002963
    69/999     2.84G  0.008603    0.0012  0.006121   0.01592        36       640    0.2025    0.9524    0.2314    0.2088  0.004228 0.0004713   0.00296
    70/999     2.84G  0.007559   0.00119  0.005964   0.01471        46       640      0.21    0.8421    0.2359    0.2165  0.003821 0.0003873  0.002951
    71/999     2.84G  0.007746  0.001196  0.005971   0.01491        38       640    0.2041    0.9445    0.2434    0.2219  0.003869 0.0004488  0.002948
    72/999     2.84G  0.007662  0.001182  0.005983   0.01483        50       640    0.2125    0.8863    0.2494     0.231  0.003775 0.0004744  0.002934
    73/999     2.84G  0.007324  0.001178  0.005933   0.01443        38       640    0.2257    0.8628     0.265    0.2423  0.003841 0.0004477   0.00292
    74/999     2.84G  0.007427   0.00117  0.005953   0.01455        32       640    0.2372    0.7942    0.2717    0.2475  0.003991 0.0004443  0.002891
    75/999     2.84G  0.007625  0.001187  0.006005   0.01482        41       640    0.2548    0.7424    0.2883    0.2625  0.004023  0.000452  0.002875
    76/999     2.84G  0.007157  0.001179  0.005908   0.01424        30       640     0.245    0.7942    0.2821    0.2583  0.003944 0.0004452  0.002876
    77/999     2.84G  0.007372  0.001185  0.005901   0.01446        37       640    0.2399    0.8321    0.2811    0.2571  0.004064 0.0004441  0.002854
    78/999     2.84G  0.007955  0.001196  0.006052    0.0152        35       640     0.263    0.6979    0.2954    0.2707  0.003763 0.0004937  0.002835
    79/999     2.84G  0.007849  0.001177  0.005955   0.01498        52       640    0.2501    0.8272    0.3039    0.2808  0.003711  0.000457   0.00286
    80/999     2.84G  0.007553  0.001182  0.005966    0.0147        41       640     0.273    0.6738    0.3029    0.2755  0.004127 0.0004415  0.002843
    81/999     2.84G  0.007418  0.001149   0.00596   0.01453        45       640     0.274    0.7503    0.3114    0.2843  0.003899 0.0004289  0.002822
    82/999     2.84G  0.007865  0.001166   0.00595   0.01498        33       640    0.2651     0.802    0.3133    0.2852  0.003977 0.0004389  0.002811
    83/999     2.84G  0.007815   0.00117  0.005925   0.01491        42       640    0.2821    0.7246    0.3187    0.2923  0.003886  0.000452  0.002796
    84/999     2.84G  0.007539  0.001161  0.005963   0.01466        40       640    0.2834    0.7013    0.3154    0.2882  0.003894 0.0004491  0.002799
    85/999     2.84G  0.007462  0.001159  0.005877    0.0145        46       640    0.2852    0.7482    0.3213    0.2955  0.003762 0.0004082  0.002791
    86/999     2.84G  0.007656  0.001155  0.005898   0.01471        43       640    0.2716    0.8084    0.3176    0.2895   0.00389 0.0004069  0.002803
    87/999     2.85G  0.007632  0.001155  0.005926   0.01471        40       640    0.2759    0.7283     0.308    0.2818  0.003878 0.0004328  0.002834
    88/999     2.85G  0.007963  0.001244  0.005906   0.01511        42       640    0.2703     0.821    0.3134     0.271   0.00515 0.0004324  0.002859
    89/999     2.85G  0.007895  0.001232  0.005872     0.015        50       640    0.2705    0.7832    0.3162    0.2813  0.004474 0.0004139  0.002808
    90/999     2.85G  0.007535  0.001208  0.005851   0.01459        39       640    0.2683    0.7649    0.3118    0.2805  0.004227 0.0004387  0.002799
    91/999     2.85G  0.007939  0.001223  0.005894   0.01506        50       640    0.2843    0.7089    0.3183    0.2862  0.004236  0.000433  0.002789
    92/999     2.85G  0.008535  0.001293  0.006035   0.01586        50       640    0.2801    0.7518    0.3205     0.277  0.005086 0.0004748  0.002805
    93/999     2.85G   0.00766  0.001211    0.0059   0.01477        47       640    0.2855    0.7273    0.3188    0.2817  0.004667 0.0004475  0.002791
    94/999     2.85G  0.008069  0.001214  0.006015    0.0153        35       640     0.278    0.8066    0.3211    0.2916  0.004041 0.0004573  0.002776
    95/999     2.85G  0.007552  0.001195  0.005873   0.01462        42       640    0.2899    0.7466    0.3244    0.2947  0.004082 0.0004674  0.002773
    96/999     2.85G  0.007475  0.001185  0.005879   0.01454        46       640    0.2849    0.7951    0.3281    0.2971  0.004075 0.0004696  0.002759
    97/999     2.85G  0.007853  0.001181  0.005925   0.01496        44       640    0.2815    0.8297     0.332    0.3018  0.004078 0.0004769  0.002758
    98/999     2.85G  0.007472  0.001166  0.005859    0.0145        40       640    0.2928    0.7461    0.3369    0.3079  0.003981 0.0004667  0.002754
    99/999     2.85G  0.007802  0.001175  0.005891   0.01487        45       640    0.2823    0.8251    0.3325    0.3032  0.004056 0.0004758   0.00276
   100/999     2.85G  0.007145  0.001174  0.005789   0.01411        42       640    0.2818    0.8381    0.3376    0.3054  0.004212 0.0004683  0.002755
   101/999     2.85G  0.007146  0.001143  0.005825   0.01411        40       640    0.2898     0.736    0.3344    0.3033  0.004224 0.0004329  0.002767
   102/999     2.85G  0.007712  0.001146  0.005886   0.01474        42       640    0.2823    0.7937    0.3349    0.3077  0.003864 0.0004279   0.00276
   103/999     2.85G  0.007223  0.001164  0.005766   0.01415        48       640    0.2953    0.7085    0.3391    0.3097  0.003925 0.0004193  0.002747
   104/999     2.85G  0.007433   0.00118  0.005781   0.01439        41       640    0.2861    0.8132    0.3422    0.3161  0.003736  0.000425  0.002737
   105/999     2.85G  0.007318  0.001156  0.005803   0.01428        41       640    0.3004    0.7853    0.3515    0.3242  0.003643 0.0004064  0.002723
   106/999     2.85G  0.007464   0.00116  0.005824   0.01445        42       640    0.3091    0.7716    0.3548    0.3302  0.003573 0.0004043  0.002718
   107/999     2.85G  0.007257  0.001147  0.005825   0.01423        40       640    0.2974    0.8125    0.3537     0.329  0.003593 0.0004124  0.002717
   108/999     2.85G  0.007232  0.001154  0.005758   0.01415        41       640     0.299    0.7919    0.3556    0.3293  0.003601 0.0004126   0.00271
   109/999     2.85G  0.007036  0.001154  0.005666   0.01386        41       640     0.301    0.8024     0.358    0.3321  0.003568 0.0004319   0.00271
   110/999     2.85G  0.007578  0.001179   0.00575   0.01451        30       640    0.3165    0.7613    0.3606    0.3273  0.003924 0.0004044  0.002731
   111/999     2.85G  0.007531  0.001163  0.005741   0.01444        31       640    0.3199    0.7634     0.364    0.3335  0.003761 0.0003998  0.002709
   112/999     2.85G  0.007818  0.001163  0.005812   0.01479        40       640    0.3191     0.766    0.3628    0.3312  0.003828 0.0004094  0.002697
   113/999     2.85G  0.007356  0.001121  0.005729   0.01421        44       640    0.3128    0.8202    0.3677    0.3344  0.003846 0.0004163  0.002694
   114/999     2.85G  0.007162  0.001159  0.005751   0.01407        47       640     0.318    0.7937    0.3691    0.3358  0.003825 0.0004281  0.002686
   115/999     2.85G  0.007001  0.001139  0.005693   0.01383        35       640    0.3141    0.8088    0.3689    0.3363  0.003866 0.0004098  0.002686
   116/999     2.85G  0.007146  0.001122  0.005748   0.01402        33       640    0.3238    0.7594    0.3711    0.3389   0.00381 0.0003904  0.002686
   117/999     2.85G  0.007269  0.001126  0.005726   0.01412        46       640    0.3281    0.7436    0.3739    0.3425  0.003761 0.0003881  0.002686
   118/999     2.85G  0.007441  0.001169  0.005692    0.0143        42       640    0.3259    0.7512     0.379     0.347  0.003714 0.0003984  0.002668
   119/999     2.85G  0.007186  0.001188   0.00569   0.01406        44       640    0.3135    0.8158    0.3781    0.3451   0.00381 0.0004253  0.002673
   120/999     2.85G  0.007259  0.001141  0.005724   0.01412        40       640    0.3055    0.8426    0.3721    0.3391  0.003883 0.0003969  0.002738
   121/999     2.85G  0.007975  0.001213  0.005806   0.01499        37       640    0.3084    0.8335    0.3727    0.3297  0.004808 0.0004119  0.002772
   122/999     2.85G  0.007185  0.001184  0.005662   0.01403        31       640    0.3093    0.8395    0.3747    0.3306  0.004808 0.0004145  0.002746
   123/999     2.85G  0.007682  0.001169  0.005778   0.01463        38       640    0.3162    0.8184    0.3772    0.3353  0.004533 0.0004169  0.002706
   124/999     2.85G   0.00723  0.001149  0.005645   0.01402        48       640    0.3172    0.8262     0.379    0.3397    0.0042 0.0004102  0.002687
   125/999     2.85G  0.007542  0.001154  0.005774   0.01447        38       640    0.3219    0.7951    0.3807    0.3426  0.004045 0.0004176  0.002672
   126/999     2.85G  0.007393  0.001181  0.005649   0.01422        40       640    0.3214    0.8205    0.3842    0.3465  0.003983 0.0004421  0.002658
   127/999     2.85G  0.006774  0.001119  0.005631   0.01352        34       640    0.3226    0.8187    0.3868    0.3478   0.00403  0.000457  0.002649
   128/999     2.85G  0.007055  0.001156  0.005647   0.01386        40       640    0.3304    0.7957    0.3883    0.3483  0.004064 0.0004776   0.00265
   129/999     2.85G  0.007144  0.001156  0.005648   0.01395        41       640    0.3225    0.8288    0.3891    0.3489  0.004146 0.0004838  0.002647
   130/999     2.85G  0.007063  0.001129  0.005604    0.0138        35       640    0.3291    0.7891    0.3895    0.3499  0.004099  0.000485  0.002652
   131/999     2.85G  0.007343  0.001133  0.005695   0.01417        33       640    0.3286    0.8105    0.3885    0.3492  0.004112  0.000479  0.002653
   132/999     2.85G  0.006838  0.001106  0.005612   0.01356        46       640    0.3301    0.8116    0.3902    0.3516  0.004055 0.0004641  0.002645
   133/999     2.85G   0.00723  0.001124  0.005651     0.014        37       640    0.3312    0.8081    0.3922    0.3539   0.00402 0.0004533  0.002646
   134/999     2.85G  0.007399  0.001129  0.005638   0.01417        48       640     0.335    0.7771     0.393     0.355   0.00399 0.0004545  0.002651
   135/999     2.85G  0.007167  0.001116  0.005669   0.01395        43       640    0.3305    0.8063    0.3939    0.3557  0.004001 0.0004663  0.002651
   136/999     2.85G  0.007705  0.001144  0.005683   0.01453        36       640    0.3298    0.8106    0.3962    0.3581   0.00401 0.0004687  0.002656
   137/999     2.85G  0.006808  0.001129  0.005585   0.01352        53       640    0.3375    0.7749    0.3944    0.3572  0.003961  0.000468  0.002665
   138/999     2.85G   0.00722  0.001131  0.005624   0.01397        55       640     0.333    0.7903     0.395    0.3584  0.003939 0.0004764  0.002656
   139/999     2.85G   0.00704   0.00111  0.005627   0.01378        38       640    0.3366    0.7761    0.3954    0.3586   0.00393 0.0004732  0.002655
   140/999     2.85G  0.006938  0.001127  0.005588   0.01365        41       640    0.3318    0.7911    0.3965    0.3589  0.003949  0.000469  0.002646
   141/999     2.85G  0.007389  0.001126  0.005645   0.01416        54       640     0.333    0.8014     0.398    0.3618   0.00387 0.0004597  0.002646
   142/999     2.85G  0.007409  0.001099  0.005661   0.01417        47       640    0.3364    0.7905    0.3977    0.3628  0.003807  0.000457  0.002644
   143/999     2.85G  0.007084  0.001143  0.005657   0.01388        43       640    0.3361      0.78    0.3985    0.3637   0.00379 0.0004545  0.002644
   144/999     2.85G  0.006926  0.001108  0.005597   0.01363        48       640    0.3297    0.8235    0.4009    0.3667   0.00375 0.0004572  0.002635
   145/999     2.85G   0.00746  0.001143  0.005657   0.01426        49       640    0.3347    0.8021    0.4015    0.3684  0.003712 0.0004547  0.002637
   146/999     2.85G  0.007126  0.001112  0.005572   0.01381        41       640     0.333     0.815    0.4023      0.37  0.003664 0.0004569  0.002638
   147/999     2.85G  0.006902  0.001107  0.005595    0.0136        45       640    0.3339    0.8074    0.4041    0.3721  0.003636 0.0004496   0.00263
   148/999     2.85G  0.007251  0.001115   0.00567   0.01404        35       640    0.3316    0.8377    0.4057    0.3742  0.003582  0.000443   0.00262
   149/999     2.85G  0.006819  0.001109  0.005586   0.01351        31       640     0.331     0.836    0.4066     0.376  0.003555 0.0004462  0.002616
   150/999     2.85G  0.006715  0.001126  0.005584   0.01343        48       640    0.3353    0.8136    0.4078    0.3774  0.003542 0.0004513  0.002612
   151/999     2.85G  0.007057  0.001114  0.005646   0.01382        42       640    0.3357    0.8199    0.4094    0.3796  0.003521 0.0004509  0.002605
   152/999     2.85G  0.007406  0.001112  0.005654   0.01417        47       640    0.3372    0.8136    0.4117    0.3821  0.003495 0.0004505    0.0026
   153/999     2.85G  0.007227  0.001113  0.005585   0.01392        45       640    0.3464    0.7754    0.4127    0.3837  0.003465 0.0004494  0.002596
   154/999     2.85G  0.007211   0.00112  0.005608   0.01394        40       640    0.3375    0.8101    0.4135    0.3853  0.003412 0.0004487  0.002597
   155/999     2.85G  0.007365  0.001127  0.005609    0.0141        41       640    0.3391    0.8103    0.4126    0.3843   0.00342  0.000447  0.002598
   156/999     2.85G  0.006937  0.001107  0.005565   0.01361        42       640    0.3382    0.8106    0.4132    0.3849  0.003402 0.0004453  0.002601
   157/999     2.85G  0.006774  0.001111  0.005526   0.01341        39       640    0.3352    0.8339    0.4134    0.3849  0.003416 0.0004412  0.002599
   158/999     2.85G  0.006891  0.001103  0.005579   0.01357        44       640    0.3382    0.8097    0.4137    0.3856  0.003401 0.0004388  0.002601
   159/999     2.85G  0.007003  0.001101   0.00553   0.01363        42       640    0.3371    0.8196    0.4141    0.3859  0.003401 0.0004402  0.002601
   160/999     2.85G  0.007157   0.00111  0.005645   0.01391        39       640    0.3365    0.8248    0.4154    0.3872  0.003402 0.0004382  0.002602
   161/999     2.85G   0.00689  0.001119  0.005511   0.01352        36       640    0.3367    0.8239    0.4161    0.3878  0.003396 0.0004403  0.002604
   162/999     2.85G  0.007251   0.00112  0.005537   0.01391        55       640    0.3378    0.8239    0.4172    0.3887  0.003394 0.0004398  0.002602
   163/999     2.85G  0.007182  0.001116  0.005647   0.01394        52       640     0.338    0.8281    0.4177    0.3886  0.003415 0.0004396  0.002605
   164/999     2.85G  0.006874  0.001093  0.005581   0.01355        44       640     0.338    0.8272    0.4178    0.3881  0.003431 0.0004378  0.002604
   165/999     2.85G  0.006737  0.001102  0.005557    0.0134        40       640    0.3384    0.8245    0.4191    0.3891  0.003447 0.0004342  0.002603
   166/999     2.85G  0.006986  0.001102  0.005587   0.01368        42       640    0.3414    0.8112    0.4199    0.3895  0.003465 0.0004311  0.002601
   167/999     2.85G  0.006859  0.001107  0.005535    0.0135        47       640    0.3431    0.8089    0.4195    0.3889  0.003447 0.0004284  0.002598
   168/999     2.85G  0.007488  0.001104  0.005607    0.0142        45       640    0.3404    0.8209    0.4204      0.39  0.003453 0.0004278  0.002597
   169/999     2.85G  0.007117  0.001108    0.0056   0.01383        39       640     0.342    0.8094    0.4216    0.3911  0.003454  0.000429  0.002593
   170/999     2.85G  0.006923    0.0011  0.005585   0.01361        45       640    0.3387    0.8277    0.4219    0.3914  0.003458 0.0004283  0.002594
   171/999     2.85G  0.007113  0.001133  0.005572   0.01382        41       640    0.3415     0.817    0.4223    0.3912  0.003473 0.0004233  0.002594
   172/999     2.85G   0.00742  0.001114  0.005615   0.01415        38       640    0.3397    0.8199    0.4226     0.391  0.003481  0.000421  0.002595
   173/999     2.85G  0.007111  0.001091   0.00557   0.01377        49       640    0.3396    0.8193     0.423    0.3911    0.0035  0.000419  0.002593
   174/999     2.85G  0.006681  0.001108  0.005553   0.01334        48       640    0.3386    0.8332     0.424    0.3919  0.003524 0.0004195  0.002592
   175/999     2.85G  0.006687  0.001092  0.005482   0.01326        38       640    0.3369    0.8442    0.4245    0.3922  0.003532 0.0004222  0.002592
   176/999     2.85G   0.00678   0.00109  0.005493   0.01336        39       640    0.3364    0.8431    0.4251    0.3929  0.003535 0.0004223  0.002592
   177/999     2.85G  0.006754  0.001105  0.005552   0.01341        33       640    0.3349    0.8485    0.4259    0.3934  0.003543 0.0004246   0.00259
   178/999     2.85G  0.007076  0.001109  0.005523   0.01371        34       640    0.3368    0.8403    0.4265    0.3945  0.003515 0.0004241  0.002589
   179/999     2.85G  0.007021  0.001111  0.005588   0.01372        36       640     0.338    0.8319    0.4264    0.3945  0.003511  0.000424  0.002586
   180/999     2.85G  0.006749  0.001099  0.005573   0.01342        35       640    0.3421     0.813    0.4282    0.3964  0.003497  0.000423  0.002584
   181/999     2.85G  0.007015  0.001088  0.005577   0.01368        42       640     0.345    0.8039    0.4281    0.3962  0.003506  0.000426  0.002582
   182/999     2.85G  0.006889   0.00109  0.005539   0.01352        34       640    0.3452    0.8019    0.4279    0.3957   0.00352 0.0004265   0.00258
   183/999     2.85G  0.006619  0.001085  0.005555   0.01326        44       640     0.345     0.801    0.4291    0.3962  0.003538 0.0004264  0.002578
   184/999     2.85G   0.00687  0.001092  0.005515   0.01348        30       640    0.3454    0.7981    0.4299    0.3968  0.003557 0.0004257  0.002577
   185/999     2.85G   0.00688  0.001113  0.005514   0.01351        42       640    0.3447     0.805    0.4303    0.3971   0.00357 0.0004261  0.002575
   186/999     2.85G  0.006909  0.001089  0.005572   0.01357        41       640    0.3453    0.8028    0.4304    0.3966  0.003576 0.0004261  0.002574
   187/999     2.85G  0.006477  0.001072  0.005493   0.01304        33       640    0.3458    0.8041    0.4308    0.3971  0.003576 0.0004286  0.002574
   188/999     2.85G   0.00706  0.001102  0.005558   0.01372        34       640    0.3447    0.8103    0.4303    0.3969  0.003574 0.0004284  0.002573
   189/999     2.85G  0.007089  0.001087  0.005513   0.01369        50       640    0.3452    0.8089    0.4309    0.3975  0.003585 0.0004289  0.002572
   190/999     2.85G  0.006672  0.001088  0.005506   0.01327        40       640    0.3441     0.815    0.4314    0.3981  0.003593 0.0004309  0.002572
   191/999     2.85G  0.007235  0.001094  0.005563   0.01389        43       640    0.3438    0.8145    0.4317    0.3982  0.003609 0.0004322  0.002573
   192/999     2.85G  0.006875  0.001098  0.005534   0.01351        38       640    0.3453    0.8072    0.4321    0.3985  0.003621 0.0004336  0.002573
   193/999     2.85G  0.006805  0.001092  0.005467   0.01336        45       640    0.3482    0.7901    0.4318    0.3981  0.003632 0.0004343  0.002573
   194/999     2.85G  0.006762  0.001087  0.005535   0.01338        42       640    0.3462    0.8046    0.4323    0.3985  0.003632 0.0004342  0.002573
   195/999     2.85G  0.007305  0.001088  0.005547   0.01394        38       640    0.3432    0.8176    0.4328    0.3991  0.003634 0.0004341  0.002572
   196/999     2.85G  0.006755  0.001064  0.005494   0.01331        41       640    0.3438    0.8167    0.4332    0.3994  0.003636 0.0004352  0.002572
   197/999     2.85G  0.006936  0.001077  0.005504   0.01352        40       640    0.3467     0.801     0.433    0.3993  0.003638 0.0004359  0.002571
   198/999     2.85G  0.006471  0.001085  0.005494   0.01305        35       640    0.3465       0.8    0.4336       0.4  0.003645 0.0004366  0.002571
   199/999     2.85G   0.00656   0.00108  0.005473   0.01311        48       640    0.3465    0.7983    0.4338    0.3999  0.003649 0.0004373   0.00257
   200/999     2.85G  0.006829  0.001074  0.005511   0.01341        37       640    0.3473    0.7984    0.4341    0.4002   0.00365 0.0004374  0.002569
   201/999     2.85G  0.007032  0.001093  0.005537   0.01366        44       640     0.346    0.8042    0.4341    0.4001  0.003657 0.0004366  0.002569
   202/999     2.85G  0.007364  0.001112  0.005589   0.01407        51       640    0.3423    0.8292     0.435    0.4009  0.003663 0.0004351   0.00257
   203/999     2.85G  0.006424  0.001071   0.00548   0.01297        40       640    0.3431    0.8204    0.4354    0.4012  0.003672 0.0004349   0.00257
   204/999     2.85G  0.006901  0.001072  0.005457   0.01343        41       640    0.3433    0.8244    0.4357    0.4013  0.003696 0.0004342  0.002569
   205/999     2.85G  0.006675  0.001058  0.005501   0.01323        42       640    0.3467    0.8027    0.4357    0.4013  0.003701 0.0004337  0.002568
   206/999     2.85G  0.007155  0.001075  0.005514   0.01374        45       640    0.3443    0.8211    0.4362    0.4016  0.003711  0.000433  0.002568
   207/999     2.85G  0.007001  0.001108   0.00557   0.01368        47       640    0.3462    0.8051    0.4365    0.4017  0.003728 0.0004327  0.002568
   208/999     2.85G  0.006637  0.001087   0.00548    0.0132        38       640    0.3446    0.8159    0.4363    0.4014  0.003736 0.0004327  0.002567
   209/999     2.85G  0.006636  0.001073  0.005463   0.01317        50       640     0.345    0.8158    0.4372    0.4022  0.003737 0.0004328  0.002567
   210/999     2.85G  0.006634  0.001071  0.005488   0.01319        39       640     0.345    0.8128    0.4372    0.4022  0.003738 0.0004318  0.002567
   211/999     2.85G  0.006941  0.001077   0.00555   0.01357        35       640    0.3464    0.8052    0.4373    0.4022  0.003738 0.0004309  0.002567
   212/999     2.85G  0.006688  0.001089  0.005469   0.01325        38       640    0.3466    0.8047     0.438    0.4029  0.003744 0.0004312  0.002566
   213/999     2.85G   0.00652  0.001065  0.005516    0.0131        53       640    0.3461    0.8121    0.4383    0.4032  0.003747  0.000432  0.002566
   214/999     2.85G  0.006609  0.001091  0.005446   0.01315        34       640    0.3474    0.8043    0.4387    0.4033  0.003758 0.0004323  0.002565
   215/999     2.85G  0.006662  0.001078  0.005495   0.01323        36       640    0.3439    0.8246    0.4389    0.4034  0.003769 0.0004315  0.002564
   216/999     2.85G  0.006744  0.001098  0.005434   0.01328        43       640    0.3433    0.8279    0.4387    0.4032  0.003769 0.0004288  0.002564
   217/999     2.85G  0.006961  0.001089  0.005484   0.01353        48       640     0.344    0.8257    0.4387    0.4033  0.003764 0.0004264  0.002563
   218/999     2.85G  0.007116  0.001117  0.005615   0.01385        46       640    0.3432    0.8292    0.4387    0.4031  0.003775 0.0004249  0.002563
   219/999     2.85G  0.006502  0.001075  0.005481   0.01306        42       640    0.3437    0.8278    0.4389    0.4031  0.003787 0.0004245  0.002563
   220/999     2.85G  0.006829  0.001082  0.005504   0.01341        45       640    0.3462    0.8105    0.4389     0.403  0.003798 0.0004238  0.002563
   221/999     2.85G  0.007264  0.001143  0.005563   0.01397        35       640    0.3431    0.8297    0.4393    0.4033  0.003818  0.000423  0.002562
   222/999     2.85G  0.007281  0.001113   0.00556   0.01395        33       640    0.3427    0.8374    0.4395    0.4034  0.003841 0.0004231  0.002561
   223/999     2.85G  0.007369  0.001124  0.005559   0.01405        40       640    0.3474    0.8154    0.4394    0.4031  0.003864 0.0004235   0.00256
   224/999     2.85G  0.007152  0.001104  0.005528   0.01378        45       640    0.3476    0.8142    0.4394    0.4028  0.003885  0.000424   0.00256
   225/999     2.85G  0.006537  0.001088  0.005453   0.01308        43       640    0.3501    0.8048     0.439    0.4019  0.003906 0.0004242   0.00256
   226/999     2.85G  0.006737  0.001085  0.005521   0.01334        35       640    0.3499    0.8096    0.4388    0.4015  0.003929 0.0004248   0.00256
   227/999     2.85G  0.006878  0.001071  0.005562   0.01351        36       640      0.35     0.808    0.4388    0.4015  0.003953 0.0004247   0.00256
   228/999     2.85G   0.00633  0.001084  0.005389    0.0128        48       640    0.3508    0.8074    0.4389    0.4013  0.003972 0.0004251  0.002559
   229/999     2.85G  0.006765  0.001064  0.005501   0.01333        42       640    0.3513    0.8052     0.439    0.4014  0.003989 0.0004255  0.002559
   230/999     2.85G  0.006923   0.00107  0.005503    0.0135        50       640    0.3513    0.7995     0.439    0.4013  0.004004 0.0004248  0.002559
   231/999     2.85G  0.006944  0.001087  0.005452   0.01348        43       640    0.3495    0.8124    0.4393    0.4012  0.004017 0.0004242  0.002558
   232/999     2.85G  0.006585  0.001065  0.005444    0.0131        45       640    0.3503    0.8098    0.4393    0.4012  0.004028 0.0004235  0.002558
   233/999     2.85G  0.006921  0.001062  0.005464   0.01345        38       640    0.3493    0.8168    0.4396    0.4015  0.004035  0.000423  0.002558
   234/999     2.85G  0.006954  0.001067  0.005484    0.0135        42       640    0.3491    0.8141    0.4395    0.4014  0.004041 0.0004227  0.002557
   235/999     2.85G  0.006775  0.001082  0.005524   0.01338        39       640    0.3472    0.8245    0.4398    0.4015  0.004054 0.0004216  0.002557
   236/999     2.85G  0.006694   0.00106  0.005513   0.01327        44       640    0.3486    0.8179    0.4395    0.4012  0.004065 0.0004212  0.002557
   237/999     2.85G  0.006939  0.001061  0.005554   0.01355        38       640     0.349    0.8153    0.4393    0.4007  0.004075 0.0004211  0.002557
   238/999     2.85G  0.006571  0.001058    0.0055   0.01313        49       640    0.3492    0.8144    0.4394    0.4008  0.004087 0.0004216  0.002557
   239/999     2.85G  0.007356  0.001108  0.005567   0.01403        32       640    0.3498     0.813    0.4393    0.4005  0.004103 0.0004216  0.002557
   240/999     2.85G    0.0066  0.001057  0.005493   0.01315        34       640    0.3487    0.8175    0.4394    0.4005  0.004112 0.0004217  0.002557
   241/999     2.85G  0.006613  0.001073  0.005487   0.01317        47       640    0.3491     0.816    0.4393    0.4004  0.004123 0.0004218  0.002557
   242/999     2.85G  0.006588  0.001072  0.005467   0.01313        31       640    0.3491     0.814    0.4395    0.4004  0.004125 0.0004216  0.002557
   243/999     2.85G  0.006627  0.001051   0.00546   0.01314        41       640    0.3497    0.8132    0.4392    0.4001   0.00413 0.0004214  0.002556
   244/999     2.85G  0.006707  0.001058  0.005463   0.01323        40       640    0.3508    0.8131      0.44    0.4009  0.004129 0.0004208  0.002556
   245/999     2.85G  0.006768  0.001069  0.005472   0.01331        43       640    0.3511    0.8107    0.4399    0.4007  0.004147 0.0004205  0.002556
   246/999     2.85G  0.006641   0.00104  0.005516    0.0132        41       640    0.3516      0.81    0.4403     0.401  0.004154 0.0004211  0.002556
   247/999     2.85G  0.006474  0.001063  0.005436   0.01297        47       640    0.3503    0.8145    0.4402    0.4006  0.004163 0.0004211  0.002556
   248/999     2.85G  0.006562  0.001042  0.005448   0.01305        40       640    0.3502     0.812    0.4397    0.4001   0.00417 0.0004209  0.002556
   249/999     2.85G  0.006913  0.001066  0.005493   0.01347        42       640    0.3506     0.811    0.4395    0.3996  0.004184 0.0004209  0.002556
   250/999     2.85G  0.006596  0.001059  0.005398   0.01305        39       640    0.3508    0.8087    0.4397    0.3996   0.00419 0.0004209  0.002555
   251/999     2.85G  0.006996  0.001071  0.005498   0.01356        36       640    0.3514    0.8066    0.4395    0.3993  0.004207 0.0004204  0.002555
   252/999     2.85G  0.006453  0.001071  0.005482   0.01301        44       640    0.3502    0.8105    0.4398    0.3993  0.004219 0.0004205  0.002555
   253/999     2.85G   0.00693  0.001077  0.005494    0.0135        47       640    0.3511     0.809    0.4396    0.3992  0.004224 0.0004203  0.002555
   254/999     2.85G  0.006746  0.001087    0.0055   0.01333        45       640     0.351    0.8051    0.4395    0.3991  0.004237   0.00042  0.002555
   255/999     2.85G  0.006912  0.001066  0.005476   0.01345        42       640    0.3505    0.8025    0.4391    0.3983  0.004255   0.00042  0.002555
   256/999     2.85G  0.006819   0.00106  0.005454   0.01333        42       640    0.3507    0.7988     0.439    0.3981  0.004271 0.0004201  0.002556
   257/999     2.85G  0.006632  0.001069  0.005456   0.01316        36       640    0.3491    0.8047    0.4389    0.3977  0.004273 0.0004196  0.002556
   258/999     2.85G  0.006897  0.001093  0.005499   0.01349        41       640    0.3505    0.8026    0.4392    0.3984  0.004274 0.0004184  0.002555
   259/999     2.85G  0.006701  0.001057  0.005438    0.0132        51       640    0.3509    0.7989    0.4386    0.3978  0.004286 0.0004179  0.002554
   260/999     2.85G  0.006414  0.001068  0.005393   0.01288        29       640    0.3517    0.7984    0.4391    0.3981  0.004294 0.0004177  0.002554
   261/999     2.85G  0.006606  0.001061  0.005462   0.01313        43       640    0.3521    0.7953    0.4393    0.3982  0.004308 0.0004172  0.002553
   262/999     2.85G  0.006577  0.001052  0.005433   0.01306        45       640    0.3523    0.7937    0.4394    0.3982  0.004326 0.0004175  0.002553
   263/999     2.85G  0.006929  0.001085  0.005505   0.01352        43       640    0.3504    0.7999    0.4396    0.3982  0.004331 0.0004175  0.002553
   264/999     2.85G  0.006941  0.001049  0.005472   0.01346        40       640      0.35    0.7959    0.4399     0.398  0.004348 0.0004179  0.002553
   265/999     2.85G   0.00683  0.001075  0.005499    0.0134        56       640    0.3474    0.8115    0.4403    0.3984  0.004349 0.0004177  0.002552
   266/999     2.85G  0.006875  0.001057  0.005413   0.01335        43       640    0.3459    0.8172    0.4406    0.3987  0.004353 0.0004178  0.002552
   267/999     2.85G  0.006465  0.001041  0.005473   0.01298        39       640    0.3529    0.7806    0.4408    0.3987  0.004363 0.0004175  0.002552
   268/999     2.85G  0.006818  0.001058   0.00547   0.01335        41       640    0.3504     0.788    0.4409    0.3989  0.004373 0.0004183  0.002552
   269/999     2.85G  0.007188  0.001064  0.005546    0.0138        41       640    0.3474    0.8043    0.4412    0.3989  0.004383 0.0004185  0.002552
   270/999     2.85G   0.00658  0.001051   0.00541   0.01304        45       640     0.357    0.7584    0.4412     0.399  0.004394 0.0004185  0.002552
   271/999     2.85G  0.006656  0.001037  0.005488   0.01318        54       640    0.3504    0.7885     0.441    0.3987  0.004408 0.0004184  0.002552
   272/999     2.85G  0.006186  0.001052  0.005366    0.0126        46       640    0.3585    0.7501    0.4408    0.3985  0.004422 0.0004187  0.002552
