      0/99    0.445G    0.0484   0.03618    0.1335    0.2181        13       640    0.1333    0.5253    0.1185   0.03553   0.02503   0.03242    0.1257
      1/99     5.14G   0.02403    0.0374     0.125    0.1865        17       640    0.1591    0.6575    0.1748   0.08842   0.02179   0.02916    0.1246
      2/99      5.6G   0.02603   0.03038     0.123    0.1794        13       640    0.1674    0.5215    0.1942    0.1257   0.02836    0.0265    0.1195
      3/99      5.6G   0.02881   0.02564    0.1166    0.1711        13       640     0.246    0.8787    0.3055    0.1617   0.01876   0.02248     0.116
      4/99     5.61G   0.02428   0.02257    0.1119    0.1588        16       640    0.3116    0.8217    0.3544    0.2936   0.01569   0.02132    0.1075
      5/99     5.61G   0.01923   0.02033    0.1095     0.149        19       640    0.3163    0.8077    0.3582    0.2874   0.01358   0.01933    0.1137
      6/99     5.61G   0.01542   0.01807    0.1066    0.1401        18       640    0.3743     0.705    0.4171    0.3632   0.01177    0.0177    0.1036
      7/99     5.61G    0.0131   0.01708    0.1043    0.1345        16       640    0.3621    0.7717    0.4214    0.3845  0.008377   0.01627    0.1045
      8/99     5.61G   0.01227    0.0157    0.1031    0.1311        18       640     0.387    0.6918    0.4368     0.396  0.008534   0.01685    0.1027
      9/99     5.61G   0.01121   0.01493    0.1013    0.1274        13       640    0.3855    0.7644    0.4567    0.4196  0.007896   0.01536    0.1011
     10/99     5.61G   0.01051   0.01436    0.1006    0.1255        17       640    0.3756    0.7686    0.4563    0.4193  0.007201    0.0151    0.1014
     11/99     5.61G  0.009676   0.01414       0.1    0.1238        13       640    0.4111     0.774    0.4834    0.4458  0.007868    0.0154   0.09686
     12/99     5.61G  0.009681   0.01385   0.09856    0.1221        18       640    0.3744    0.8199    0.4917    0.4595  0.006843   0.01503   0.09676
     13/99     5.61G  0.009411    0.0133   0.09856    0.1213        16       640    0.4316    0.7592    0.5158    0.4871  0.006787   0.01298   0.09438
     14/99     5.61G  0.008475   0.01259   0.09781    0.1189        16       640    0.4013    0.7695    0.4923    0.4789  0.005594   0.01383   0.09752
     15/99     5.61G  0.008943   0.01252   0.09747    0.1189        12       640    0.4416    0.6974    0.4975    0.4802  0.006668    0.0145   0.09686
     16/99     5.61G  0.008108   0.01212    0.0968     0.117        15       640    0.4107    0.7502    0.5026    0.4906   0.00532   0.01358   0.09584
     17/99     5.61G  0.008093   0.01221   0.09528    0.1156        14       640    0.4186    0.7421     0.507    0.4875  0.005893   0.01335   0.09428
     18/99     5.61G  0.007759   0.01187   0.09499    0.1146        16       640    0.4426    0.7458     0.525    0.4977  0.006454   0.01427   0.09185
     19/99     5.61G   0.00743   0.01174   0.09479     0.114        13       640    0.4385     0.754    0.5155    0.5008  0.004973   0.01337   0.09219
     20/99     5.61G  0.007383    0.0114   0.09341    0.1122        17       640    0.4416    0.7438    0.5314     0.514  0.005535   0.01378   0.09136
     21/99     5.61G  0.007206   0.01147   0.09353    0.1122        15       640    0.4367    0.7104    0.5216    0.5045  0.005416   0.01358   0.09342
     22/99     5.61G  0.006952   0.01139   0.09323    0.1116        13       640    0.4535    0.7414    0.5317    0.5186  0.005204   0.01414   0.09248
     23/99     5.61G  0.007106    0.0114   0.09342    0.1119        16       640    0.4458    0.7509    0.5275    0.5108  0.004987   0.01236   0.09226
     24/99     5.61G   0.00677   0.01116   0.09241    0.1103        24       640    0.4595    0.7131    0.5319    0.5129   0.00471   0.01343   0.09099
     25/99     5.61G  0.006646    0.0111   0.09175    0.1095        13       640    0.4668     0.724    0.5283    0.5127  0.005098    0.0127   0.08951
     26/99     5.61G  0.006543   0.01108   0.09198    0.1096        15       640    0.4396    0.7325    0.5374    0.5239  0.004933   0.01359   0.09201
     27/99     5.61G  0.006515   0.01106   0.09194    0.1095        12       640    0.4601    0.7402    0.5364    0.5255  0.004862   0.01254   0.09008
     28/99     5.61G  0.006318   0.01088   0.09061    0.1078        15       640    0.4777    0.7104     0.546    0.5304  0.005242   0.01376   0.08993
     29/99     5.61G  0.006336   0.01099   0.09012    0.1074        16       640    0.4713    0.7292     0.549    0.5347   0.00495   0.01262   0.08874
     30/99     5.61G  0.005942   0.01075   0.09014    0.1068        12       640    0.4466    0.7918    0.5489     0.535  0.005571   0.01234   0.08886
     31/99     5.61G  0.005991   0.01075   0.09058    0.1073        12       640    0.4581    0.7734    0.5499    0.5361  0.004945   0.01335   0.08841
     32/99     5.61G   0.00593   0.01063   0.08938    0.1059        17       640    0.4722     0.745    0.5637    0.5497  0.004462    0.0136   0.08774
     33/99     5.61G   0.00585   0.01071   0.08863    0.1052        18       640    0.4598    0.7621    0.5465    0.5338  0.004473   0.01343   0.08877
     34/99     5.61G  0.005776   0.01058   0.08831    0.1047        15       640    0.4749     0.755    0.5647    0.5537  0.004436   0.01295   0.08686
     35/99     5.61G   0.00562   0.01058   0.08794    0.1041        14       640    0.4689    0.7504    0.5616    0.5508  0.004526    0.0127   0.08681
     36/99     5.61G  0.005526   0.01039   0.08798    0.1039        12       640    0.4606     0.772    0.5543    0.5431  0.004729   0.01342   0.08808
     37/99     5.61G  0.005493   0.01048   0.08794    0.1039        17       640    0.4662    0.7588     0.546    0.5352  0.004653   0.01354   0.08963
     38/99     5.61G  0.005411   0.01027   0.08785    0.1035        16       640    0.4934    0.7162    0.5596    0.5503  0.004607   0.01325   0.08733
     39/99     5.61G  0.005305    0.0103   0.08716    0.1028        13       640    0.4696    0.7691    0.5624    0.5519  0.004592   0.01287   0.08738
     40/99     5.61G  0.005176   0.01014   0.08748    0.1028        18       640    0.4807    0.7512    0.5618    0.5491  0.004499   0.01437   0.08728
     41/99     5.61G  0.005166   0.01004   0.08736    0.1026        12       640    0.4614    0.7638    0.5626    0.5523  0.004701   0.01362   0.08793
     42/99     5.61G   0.00505  0.009987   0.08623    0.1013        16       640    0.4905    0.7476    0.5736    0.5625   0.00466   0.01372   0.08674
     43/99     5.61G  0.004988   0.01016   0.08571    0.1009        12       640    0.4652    0.7969    0.5701    0.5589  0.004691   0.01323   0.08664
     44/99     5.61G  0.004886   0.01006    0.0857    0.1006        13       640    0.4631    0.7785    0.5671    0.5574  0.004507   0.01361   0.08704
     45/99     5.61G  0.004858   0.01018   0.08607    0.1011        13       640    0.4765    0.7591    0.5722    0.5618  0.004416   0.01342   0.08601
     46/99     5.61G  0.004759  0.009978   0.08577    0.1005        12       640    0.4992    0.6937     0.575    0.5635  0.004524   0.01348   0.08664
     47/99     5.61G  0.004733  0.009919   0.08457   0.09922        15       640    0.4747    0.7849    0.5744     0.565   0.00464   0.01358    0.0859
     48/99     5.61G   0.00471  0.009917    0.0832   0.09782        28       640    0.5124    0.6869     0.573    0.5633  0.004676   0.01368   0.08715
     49/99     5.61G  0.004547   0.00998   0.08431   0.09883        19       640     0.491    0.7415    0.5686    0.5566  0.004436   0.01313    0.0864
     50/99     5.61G  0.004598  0.009881   0.08299   0.09747        12       640    0.4882    0.7403    0.5752    0.5649  0.004461   0.01357   0.08564
     51/99     5.61G  0.004446  0.009873   0.08354   0.09786        16       640    0.5046    0.6923     0.571    0.5612  0.004414   0.01287   0.08693
     52/99     5.61G  0.004509  0.009807   0.08345   0.09777        15       640    0.4783    0.7707    0.5632    0.5541   0.00448   0.01284   0.08812
     53/99     5.61G  0.004324  0.009795   0.08332   0.09744        17       640    0.4947    0.7283    0.5719    0.5602  0.004472    0.0138    0.0868
     54/99     5.61G  0.004251  0.009812   0.08202   0.09608        13       640    0.5076    0.7293    0.5749    0.5648  0.004411   0.01321   0.08563
     55/99     5.61G  0.004274  0.009798   0.08123    0.0953        15       640    0.4751    0.7763    0.5734    0.5616  0.004583   0.01326   0.08723
     56/99     5.61G  0.004118  0.009711   0.08196   0.09578        15       640    0.5112    0.7206    0.5823    0.5729  0.004391   0.01318   0.08483
     57/99     5.61G  0.004104  0.009547   0.08124   0.09489        13       640    0.5007    0.7418    0.5772    0.5676  0.004326   0.01324   0.08578
     58/99     5.61G  0.004077  0.009662   0.08139   0.09513        16       640    0.4806    0.7722    0.5764    0.5669  0.004521   0.01342   0.08617
     59/99     5.61G  0.004091  0.009521   0.07985   0.09346        16       640    0.4876    0.7513    0.5739    0.5636  0.004564   0.01336   0.08687
     60/99     5.61G  0.003893  0.009511   0.08169    0.0951        15       640    0.4827    0.7393    0.5667    0.5565  0.004682   0.01364   0.08747
     61/99     5.61G  0.003982  0.009547   0.07966   0.09319        14       640    0.5025    0.7465    0.5725    0.5628  0.004388   0.01345   0.08662
     62/99     5.61G  0.003888  0.009455    0.0789   0.09224        12       640    0.4865    0.7602    0.5777    0.5693  0.004294   0.01317   0.08592
     63/99     5.61G  0.003859  0.009394   0.07921   0.09246        17       640    0.4848    0.7822    0.5748    0.5658   0.00443   0.01375   0.08732
     64/99     5.61G  0.003786  0.009339   0.07845   0.09158        20       640    0.4981    0.7487    0.5834    0.5746  0.004425   0.01355   0.08555
     65/99     5.61G  0.003688  0.009286   0.07862   0.09159        18       640     0.499     0.774    0.5866    0.5775  0.004381   0.01318   0.08542
     66/99     5.61G  0.003747  0.009384   0.07734   0.09047        21       640    0.4934    0.7582    0.5819    0.5732  0.004319   0.01347   0.08668
     67/99     5.61G  0.003626  0.009306     0.078   0.09094        12       640    0.4927    0.7585    0.5831    0.5745   0.00441   0.01359   0.08658
     68/99     5.61G  0.003639  0.009401     0.076   0.08904        19       640    0.4927    0.7575    0.5806    0.5724  0.004354   0.01341   0.08649
     69/99     5.61G   0.00363  0.009083   0.07603   0.08875        15       640    0.5016     0.747     0.586    0.5766  0.004445   0.01397   0.08841
     70/99     5.61G  0.003562  0.009224   0.07591    0.0887        13       640     0.487    0.7825    0.5817    0.5733  0.004339   0.01314   0.08645
     71/99     5.61G  0.003486  0.009141   0.07583   0.08846        14       640    0.5213    0.7126     0.584    0.5747  0.004307   0.01352   0.08628
     72/99     5.61G  0.003498  0.009166    0.0765   0.08917        16       640    0.5285    0.6947    0.5882    0.5793  0.004337   0.01369   0.08627
     73/99     5.61G   0.00346  0.009079   0.07358   0.08612        16       640    0.4898    0.7454    0.5827    0.5739   0.00435   0.01375   0.08745
     74/99     5.61G  0.003468  0.009252   0.07427   0.08699        16       640    0.5191    0.6986    0.5857     0.576  0.004298   0.01311   0.08711
     75/99     5.61G  0.003384   0.00904   0.07356   0.08599        12       640    0.4936    0.7468    0.5761    0.5665  0.004316   0.01357    0.0889
     76/99     5.61G  0.003363  0.008988   0.07296   0.08531        17       640    0.4872    0.7634    0.5758    0.5658  0.004328   0.01342   0.08989
     77/99     5.61G  0.003396  0.009144   0.07321   0.08576        15       640    0.4734    0.7834    0.5776    0.5679  0.004324    0.0134   0.09016
     78/99     5.61G  0.003297  0.009067   0.07249   0.08485        15       640    0.5043    0.7272    0.5795     0.569  0.004325   0.01361   0.08851
     79/99     5.61G  0.003319  0.009141   0.07144    0.0839        15       640    0.4993     0.745    0.5771    0.5678  0.004307   0.01353   0.08962
     80/99     5.61G  0.003302  0.009157   0.07089   0.08335        15       640     0.509    0.7099    0.5777    0.5683  0.004377   0.01376   0.08987
     81/99     5.61G  0.003307  0.008942   0.07062   0.08286        17       640    0.4974    0.7504    0.5772    0.5687  0.004324   0.01385   0.08971
     82/99     5.61G  0.003297  0.009147   0.07056     0.083        13       640    0.5202     0.693    0.5721     0.563  0.004362   0.01396   0.09132
     83/99     5.61G  0.003261  0.009046   0.06944   0.08175        15       640    0.4989    0.7436     0.579    0.5701  0.004273   0.01372   0.09074
     84/99     5.61G  0.003249  0.009108   0.06906   0.08142        18       640    0.4679    0.8065    0.5725    0.5636  0.004308   0.01372   0.09152
     85/99     5.61G  0.003193  0.008865   0.06999   0.08205        19       640    0.5042    0.7317    0.5819    0.5724   0.00434   0.01363   0.09026
     86/99     5.61G  0.003154  0.008904   0.06898   0.08104        12       640    0.4754    0.7921    0.5753    0.5656  0.004266    0.0136   0.09069
     87/99     5.61G  0.003225  0.008979   0.06782   0.08002        16       640    0.4893    0.7651    0.5727    0.5633  0.004265   0.01367   0.09242
     88/99     5.61G  0.003187  0.008925   0.06858    0.0807        21       640    0.4944    0.7322    0.5725     0.563  0.004272   0.01358   0.09342
     89/99     5.61G  0.003196   0.00889    0.0677   0.07978        14       640    0.4832    0.7697    0.5664    0.5571  0.004313   0.01363   0.09378
     90/99     5.61G  0.003183  0.009016   0.06746   0.07966        13       640    0.4728    0.7936    0.5655    0.5567  0.004294   0.01369   0.09435
     91/99     5.61G  0.003159   0.00891    0.0654   0.07747        16       640    0.4995    0.7319    0.5643    0.5549  0.004308   0.01354   0.09573
     92/99     5.61G  0.003146  0.009013    0.0656   0.07776        18       640    0.4863    0.7419    0.5628    0.5534  0.004262   0.01343   0.09543
     93/99     5.61G  0.003108  0.008784   0.06582   0.07772        15       640    0.4849    0.7496    0.5634    0.5543  0.004269   0.01355   0.09625
     94/99     5.61G  0.003125  0.009071    0.0663    0.0785        21       640    0.4812    0.7661    0.5658    0.5566  0.004258   0.01346   0.09583
     95/99     5.61G    0.0031  0.008957   0.06551   0.07757        15       640     0.478    0.7608    0.5647     0.556  0.004271    0.0134   0.09611
     96/99     5.61G   0.00314  0.008924   0.06442   0.07649        14       640    0.4628    0.7908    0.5651    0.5557  0.004317   0.01361   0.09676
     97/99     5.61G  0.003102  0.008806   0.06425   0.07615        12       640     0.479    0.7464     0.564     0.555   0.00431   0.01368    0.0966
     98/99     5.61G  0.003127  0.008819   0.06322   0.07516        15       640    0.4899    0.7353    0.5607    0.5511   0.00434   0.01389   0.09802
     99/99     5.61G  0.003096  0.008883   0.06345   0.07543        18       640    0.4886    0.7361    0.5569    0.5478  0.004362   0.01374   0.09939
