     0/299    0.388G   0.03695    0.0101   0.01596     0.063        36       640   0.06753    0.2445   0.04754   0.01366  0.008182  0.003759  0.005935
     1/299     2.43G   0.01886  0.007395   0.01394   0.04019        51       640    0.1849    0.7361    0.2006    0.1325  0.005077  0.002062  0.005783
     2/299     2.67G   0.01573   0.00544    0.0141   0.03527        34       640    0.2017    0.9545    0.2275    0.1742  0.005121   0.00104  0.005742
     3/299     2.67G   0.01194    0.0045   0.01405   0.03049        48       640    0.2001    0.9963    0.2243    0.1593  0.003923 0.0006991  0.005732
     4/299     2.67G  0.009622  0.004035   0.01387   0.02753        42       640    0.1998    0.9995     0.223    0.2015  0.003107  0.000557  0.005747
     5/299     2.67G  0.008614  0.003715   0.01392   0.02625        38       640    0.2009    0.9796    0.2182    0.1759  0.003608 0.0005345  0.005733
     6/299     2.68G  0.008111  0.003394   0.01387   0.02537        40       640    0.2002    0.9963    0.2263    0.2033  0.002477 0.0004681  0.005737
     7/299     2.68G  0.007786  0.003215    0.0138    0.0248        35       640    0.2003    0.9921    0.2262    0.2056  0.002251 0.0004917  0.005727
     8/299     2.68G   0.00757  0.003118   0.01396   0.02465        36       640    0.2003    0.9869    0.2123    0.1934  0.002051 0.0004708  0.005718
     9/299     2.68G  0.007222  0.003045   0.01392   0.02419        35       640       0.2    0.9962    0.2171     0.206  0.002415 0.0004809  0.005721
    10/299     2.68G  0.007023  0.002963     0.014   0.02399        39       640    0.2001    0.9978    0.2162    0.2029  0.002194 0.0004511  0.005718
    11/299     2.68G  0.006558  0.002799   0.01381   0.02316        45       640    0.2003     0.998    0.2164     0.199  0.002094 0.0004563  0.005721
    12/299     2.68G  0.006515  0.002701   0.01391   0.02312        41       640       0.2     0.999    0.2196    0.2082  0.001911 0.0004566   0.00572
    13/299     2.68G  0.006314  0.002574   0.01383   0.02272        38       640    0.1999    0.9994    0.2173    0.1959  0.002285 0.0004564  0.005712
    14/299     2.68G  0.006201  0.002494   0.01378   0.02247        36       640       0.2    0.9985    0.2201    0.2003  0.002126 0.0004575  0.005712
    15/299     2.68G  0.006041  0.002447   0.01375   0.02223        35       640    0.1999    0.9995     0.221    0.2036  0.001863 0.0004635  0.005709
    16/299     2.68G  0.005718  0.002378   0.01364   0.02173        39       640       0.2    0.9995    0.2214    0.2098   0.00176 0.0004606  0.005712
    17/299     2.68G  0.005828  0.002271   0.01381   0.02191        45       640    0.2002    0.9973    0.2195    0.2081  0.001758 0.0004423  0.005709
    18/299     2.68G  0.005805  0.002238   0.01374   0.02178        44       640    0.2046    0.9182    0.2222     0.213  0.001574 0.0004257  0.005705
    19/299     2.68G  0.005791  0.002238   0.01378   0.02181        36       640    0.2029    0.9523    0.2265    0.2126  0.001772 0.0004552  0.005708
    20/299     2.68G  0.005521  0.002167   0.01372   0.02141        43       640     0.204    0.9358    0.2248    0.2096  0.001926 0.0004315  0.005707
    21/299     2.68G  0.005603  0.002128   0.01389   0.02162        47       640    0.2064    0.9187    0.2262    0.2171  0.001771 0.0004431  0.005703
    22/299     2.68G  0.005381  0.002075   0.01384    0.0213        32       640    0.2023    0.9921     0.226    0.2118  0.001752 0.0004543   0.00571
    23/299     2.68G  0.005456  0.002017    0.0137   0.02118        33       640    0.2036    0.9561    0.2272    0.2062  0.002068 0.0004442  0.005699
    24/299     2.68G  0.005414  0.002008   0.01371   0.02114        47       640    0.2057    0.9708    0.2325    0.2219  0.001834  0.000433  0.005702
    25/299     2.68G  0.005306  0.001999   0.01395   0.02125        48       640     0.205      0.98    0.2348    0.2286  0.001619 0.0004358  0.005692
    26/299     2.68G  0.005093  0.001912   0.01369    0.0207        40       640    0.2042    0.9462    0.2313    0.2175  0.001675 0.0004489  0.005688
    27/299     2.68G  0.005008  0.001909   0.01377   0.02069        34       640    0.2061    0.9721    0.2407    0.2299  0.001687 0.0004388  0.005684
    28/299     2.68G  0.005092  0.001893   0.01373   0.02072        39       640    0.2049    0.9848    0.2421    0.2364  0.001421 0.0004335  0.005686
    29/299     2.68G  0.004792   0.00187   0.01344    0.0201        34       640    0.2058    0.9859    0.2406    0.2327  0.001594 0.0004354  0.005677
    30/299     2.68G  0.004871  0.001823   0.01359   0.02029        32       640    0.2074    0.9696      0.24    0.2279  0.001581 0.0004383  0.005672
    31/299     2.68G  0.004889   0.00184   0.01383   0.02056        47       640    0.2074    0.9754    0.2485    0.2402  0.001485 0.0004408  0.005672
    32/299     2.68G  0.004895  0.001823   0.01364   0.02036        41       640    0.2088    0.9682    0.2496    0.2414  0.001497 0.0004195  0.005663
    33/299     2.68G  0.004856  0.001787   0.01384   0.02048        45       640    0.2104    0.9641    0.2592    0.2444  0.001535  0.000425  0.005659
    34/299     2.68G  0.004663  0.001799   0.01375   0.02022        37       640    0.2173    0.8976    0.2654    0.2529  0.001402 0.0004283  0.005649
    35/299     2.68G  0.004746  0.001793   0.01386    0.0204        47       640    0.2288     0.822     0.266    0.2512  0.001575 0.0004252  0.005631
    36/299     2.68G  0.004832  0.001744   0.01381   0.02038        36       640    0.2326    0.8911    0.2782    0.2637  0.001516   0.00043  0.005609
    37/299     2.68G  0.004727  0.001721   0.01368   0.02012        30       640    0.2455    0.8168    0.2902    0.2772  0.001435 0.0004141  0.005571
    38/299     2.68G  0.004533  0.001727   0.01362   0.01988        37       640    0.2482    0.8708    0.2891    0.2793  0.001487 0.0004264  0.005569
    39/299     2.68G  0.004736  0.001764   0.01375   0.02025        33       640    0.2483    0.8731    0.2929    0.2843  0.001408 0.0004239  0.005544
    40/299     2.68G  0.004805  0.001727   0.01385   0.02038        40       640     0.262    0.8182    0.3104    0.2942  0.001508 0.0004161  0.005487
    41/299     2.68G  0.004571  0.001704   0.01375   0.02002        42       640    0.2651    0.8476    0.3116    0.3029   0.00135 0.0004164  0.005524
    42/299     2.68G  0.004356   0.00168   0.01361   0.01964        36       640    0.2692    0.8345    0.3189    0.3094  0.001388  0.000437   0.00545
    43/299     2.68G  0.004432  0.001692    0.0136   0.01973        57       640    0.2677    0.8387    0.3239    0.3152  0.001331 0.0004379  0.005429
    44/299     2.68G  0.004521  0.001718   0.01393   0.02017        56       640    0.2669    0.8667     0.331    0.3179  0.001393 0.0004313  0.005412
    45/299     2.68G   0.00434  0.001624   0.01348   0.01945        38       640    0.2822    0.7224    0.3309    0.3199  0.001321 0.0003975  0.005387
    46/299     2.68G  0.004263  0.001639   0.01361   0.01951        40       640    0.2759    0.8535    0.3268     0.317  0.001259 0.0004155  0.005414
    47/299     2.68G   0.00444  0.001673   0.01369   0.01981        38       640    0.2815    0.8058    0.3422    0.3297  0.001362 0.0004166  0.005349
    48/299     2.68G   0.00427  0.001613   0.01351    0.0194        38       640     0.282    0.8105    0.3428    0.3335   0.00132 0.0004336  0.005351
    49/299     2.68G  0.004268  0.001621   0.01345   0.01934        37       640    0.2827     0.829    0.3456    0.3352  0.001315 0.0004123  0.005331
    50/299     2.68G  0.004505  0.001662   0.01375   0.01991        35       640    0.2903    0.8105    0.3468    0.3345  0.001321 0.0004155  0.005328
    51/299     2.68G  0.004429  0.001631    0.0135   0.01956        36       640    0.2681    0.7681    0.2987    0.2863  0.001467 0.0004251  0.005604
    52/299     2.68G  0.004414  0.001689   0.01346   0.01956        43       640    0.2888    0.7932    0.3486    0.3346   0.00129 0.0004144   0.00534
    53/299     2.68G   0.00435  0.001621   0.01368   0.01965        35       640    0.2878    0.7921    0.3488    0.3337  0.001374 0.0004266  0.005315
    54/299     2.68G  0.004101  0.001638   0.01374   0.01948        54       640    0.2877    0.7684    0.3474     0.332  0.001311 0.0004289  0.005299
    55/299     2.68G  0.004367  0.001652   0.01359    0.0196        37       640    0.2939    0.7958    0.3528    0.3406  0.001317 0.0004022  0.005287
    56/299     2.68G  0.004312  0.001605   0.01356   0.01948        44       640     0.292    0.8293    0.3535    0.3399  0.001376 0.0003957  0.005312
    57/299     2.68G  0.004116  0.001598   0.01364   0.01936        37       640    0.2956    0.8178    0.3561    0.3455  0.001331  0.000417  0.005275
    58/299     2.68G  0.004147   0.00159   0.01363   0.01936        29       640    0.2992    0.7943    0.3604    0.3449  0.001387 0.0004326  0.005261
    59/299     2.68G  0.004173  0.001563   0.01351   0.01925        41       640    0.2917    0.8409    0.3605    0.3475  0.001304 0.0003991  0.005247
    60/299     2.68G  0.004183  0.001556    0.0134   0.01914        41       640     0.292     0.822    0.3552    0.3418  0.001337 0.0004022  0.005252
    61/299     2.68G  0.004121   0.00156   0.01316   0.01884        33       640    0.2914     0.834    0.3557    0.3445  0.001279 0.0003976  0.005257
    62/299     2.68G  0.004068  0.001572    0.0133   0.01894        31       640    0.2996    0.7801    0.3578    0.3455   0.00131 0.0003958  0.005233
    63/299     2.68G  0.004094  0.001548   0.01318   0.01882        41       640     0.299    0.7858    0.3555    0.3435  0.001328 0.0004074  0.005255
    64/299     2.68G     0.004   0.00155   0.01319   0.01874        38       640    0.2987    0.7931    0.3583    0.3446  0.001342 0.0004129  0.005235
    65/299     2.68G  0.004075  0.001541   0.01325   0.01887        41       640    0.3021    0.7563     0.354    0.3406  0.001322 0.0004235  0.005244
    66/299     2.68G  0.004139  0.001563   0.01348   0.01918        36       640    0.2965    0.8119    0.3576    0.3445  0.001303 0.0004234  0.005237
    67/299     2.68G  0.004091  0.001515   0.01303   0.01864        33       640    0.3043    0.7902     0.366    0.3501  0.001358 0.0004079  0.005217
    68/299     2.68G  0.004022  0.001526   0.01317   0.01872        41       640    0.3049    0.8016    0.3642     0.351  0.001284 0.0004057  0.005228
    69/299     2.68G  0.003997  0.001522   0.01358    0.0191        41       640    0.3005    0.7935    0.3649    0.3512  0.001263 0.0004071  0.005205
    70/299     2.68G  0.003976  0.001481   0.01319   0.01865        44       640    0.2986    0.8226    0.3663    0.3513  0.001291 0.0004155  0.005194
    71/299     2.68G  0.003964  0.001522   0.01331   0.01879        53       640    0.3023    0.8148    0.3647    0.3509  0.001284 0.0004087   0.00519
    72/299     2.68G  0.004034  0.001525   0.01341   0.01897        40       640    0.2985    0.8229    0.3636    0.3515  0.001253 0.0004128  0.005193
    73/299     2.68G  0.003868  0.001471   0.01326    0.0186        47       640    0.3011    0.7839    0.3621    0.3496  0.001255 0.0004002   0.00519
    74/299     2.68G  0.003746  0.001488   0.01306    0.0183        39       640    0.3017    0.8335    0.3678    0.3547  0.001232 0.0003998  0.005179
    75/299     2.68G  0.004039  0.001477   0.01335   0.01886        35       640    0.3042     0.811    0.3653    0.3522  0.001245 0.0003977  0.005183
    76/299     2.68G  0.003822  0.001494   0.01309   0.01841        35       640    0.3066    0.7743    0.3664    0.3537  0.001256  0.000394  0.005184
    77/299     2.68G  0.004056  0.001486    0.0131   0.01864        27       640    0.3015    0.8349     0.367    0.3539  0.001259 0.0003986  0.005184
    78/299     2.68G  0.003783  0.001475   0.01315   0.01841        47       640    0.3053    0.8199    0.3673    0.3535   0.00129 0.0004089  0.005173
    79/299     2.68G  0.003948  0.001505   0.01312   0.01857        54       640    0.3193    0.7476    0.3714    0.3584  0.001268  0.000412  0.005163
    80/299     2.68G  0.003709  0.001467   0.01297   0.01815        42       640    0.3085    0.8277    0.3731    0.3602  0.001224 0.0004103  0.005155
    81/299     2.68G  0.003832  0.001457   0.01308   0.01837        46       640    0.3175     0.756    0.3722    0.3596  0.001244 0.0004075  0.005179
    82/299     2.68G  0.003937   0.00142    0.0132   0.01856        36       640    0.3043    0.8577    0.3731    0.3601  0.001253 0.0004034  0.005149
    83/299     2.68G  0.003747  0.001439   0.01311   0.01829        39       640    0.3079    0.8105    0.3729    0.3598  0.001251 0.0003839  0.005135
    84/299     2.68G  0.003817  0.001453   0.01295   0.01823        38       640    0.3236    0.7424    0.3778    0.3637  0.001244 0.0003885  0.005129
    85/299     2.68G  0.003926  0.001452   0.01319   0.01857        33       640    0.3076    0.8362    0.3767    0.3639  0.001233 0.0003859  0.005119
    86/299     2.68G  0.003732  0.001451   0.01299   0.01818        33       640      0.31    0.8253    0.3807    0.3673  0.001232 0.0003929  0.005115
    87/299     2.68G  0.003723  0.001425   0.01306   0.01821        34       640    0.3085    0.8429     0.381    0.3679  0.001232  0.000387  0.005103
    88/299     2.68G  0.003658  0.001422   0.01303   0.01811        37       640    0.3228    0.7503    0.3821    0.3688  0.001243 0.0003881  0.005117
    89/299     2.68G  0.003805  0.001426   0.01316   0.01839        41       640    0.3094    0.8429    0.3829    0.3702  0.001239 0.0003908  0.005121
    90/299     2.68G  0.003542  0.001416   0.01305   0.01801        37       640    0.3138    0.8094     0.382    0.3693  0.001233 0.0003991  0.005124
    91/299     2.68G  0.003501  0.001397    0.0129    0.0178        28       640    0.3244    0.7513    0.3823    0.3694  0.001232 0.0003908  0.005093
    92/299     2.68G  0.003556   0.00145   0.01281   0.01781        37       640    0.3162    0.8131    0.3868    0.3744  0.001235 0.0003887  0.005089
    93/299     2.68G  0.003653  0.001404   0.01305    0.0181        43       640    0.3269    0.7459     0.385    0.3722   0.00122  0.000387   0.00509
    94/299     2.68G  0.003702  0.001416   0.01308    0.0182        56       640    0.3262    0.7576    0.3865    0.3734  0.001237 0.0003834  0.005082
    95/299     2.68G  0.003666  0.001409   0.01305   0.01813        38       640    0.3208    0.7844    0.3867     0.374  0.001219 0.0003894  0.005082
    96/299     2.68G  0.003852  0.001406   0.01322   0.01848        41       640     0.318    0.8148    0.3873    0.3751  0.001205 0.0003816  0.005076
    97/299     2.68G  0.003667  0.001393   0.01309   0.01815        42       640     0.331    0.7356    0.3888    0.3767  0.001195 0.0003945  0.005081
    98/299     2.68G  0.003575  0.001392   0.01299   0.01796        26       640    0.3129    0.8408    0.3877    0.3757  0.001193 0.0003963  0.005092
    99/299     2.68G  0.003585  0.001415    0.0131    0.0181        37       640    0.3182       0.8    0.3871    0.3758  0.001177 0.0003884  0.005082
   100/299     2.68G  0.003486  0.001402   0.01302   0.01791        35       640    0.3185    0.8146    0.3886    0.3766  0.001196 0.0003882  0.005075
   101/299     2.68G  0.003359  0.001378   0.01265   0.01738        40       640    0.3189    0.8047    0.3893    0.3772  0.001208 0.0003913  0.005084
   102/299     2.68G  0.003595  0.001393   0.01324   0.01823        44       640    0.3209    0.8005    0.3915    0.3796  0.001226  0.000393  0.005078
   103/299     2.68G  0.003488  0.001363   0.01262   0.01747        34       640     0.321    0.7869     0.391    0.3794  0.001224 0.0003913  0.005068
   104/299     2.68G   0.00343  0.001393   0.01281   0.01763        45       640    0.3271    0.7554    0.3915    0.3801  0.001211 0.0003891  0.005071
   105/299     2.68G  0.003559  0.001347     0.013    0.0179        38       640     0.323    0.7906    0.3926    0.3813  0.001195 0.0003876  0.005061
   106/299     2.68G  0.003431  0.001378    0.0129   0.01771        29       640    0.3222    0.7911    0.3936    0.3828  0.001183 0.0003916   0.00506
   107/299     2.68G  0.003573  0.001371   0.01311   0.01805        44       640    0.3219    0.7937    0.3931    0.3827  0.001173 0.0003897  0.005053
   108/299     2.68G  0.003573  0.001373   0.01299   0.01793        39       640    0.3162    0.8366    0.3935    0.3828  0.001172 0.0003905  0.005049
   109/299     2.68G  0.003546  0.001376   0.01276   0.01768        46       640    0.3221    0.8037    0.3952    0.3843  0.001172 0.0003904  0.005053
   110/299     2.68G  0.003478  0.001356   0.01287    0.0177        27       640    0.3241    0.8032    0.3962    0.3847  0.001179 0.0003918  0.005049
   111/299     2.68G  0.003597  0.001362   0.01317   0.01813        32       640    0.3253    0.8055    0.3971    0.3851   0.00119 0.0003839  0.005048
   112/299     2.68G  0.003402  0.001329   0.01299   0.01772        37       640    0.3264    0.8021    0.3968    0.3847  0.001188 0.0003862  0.005048
   113/299     2.68G  0.003304  0.001345   0.01254   0.01719        41       640    0.3264     0.813    0.3973    0.3861  0.001172   0.00039  0.005051
   114/299     2.68G  0.003463  0.001362   0.01286   0.01769        41       640    0.3282    0.7942    0.3988    0.3872  0.001186 0.0003901  0.005054
   115/299     2.68G  0.003349  0.001363   0.01278    0.0175        50       640    0.3243     0.825    0.3996    0.3878  0.001188 0.0003868  0.005041
   116/299     2.68G  0.003289  0.001347    0.0127   0.01733        37       640    0.3283    0.8055    0.4006    0.3885   0.00119 0.0003845  0.005031
   117/299     2.68G  0.003612  0.001359   0.01288   0.01785        42       640    0.3257    0.8016    0.4002    0.3886  0.001197 0.0003835  0.005028
   118/299     2.68G  0.003401  0.001368    0.0131   0.01787        36       640    0.3292    0.7973    0.4014    0.3895  0.001198  0.000384   0.00503
   119/299     2.68G  0.003447  0.001342   0.01294   0.01772        40       640    0.3267    0.8061    0.4016    0.3899  0.001194  0.000387   0.00503
   120/299     2.68G  0.003335  0.001339   0.01294   0.01761        40       640    0.3281    0.8026    0.4018    0.3903  0.001196 0.0003873  0.005032
   121/299     2.68G  0.003151  0.001307   0.01274    0.0172        42       640    0.3306    0.8035    0.4025    0.3914  0.001187 0.0003871  0.005033
   122/299     2.68G  0.003436  0.001331   0.01267   0.01744        37       640    0.3315    0.7963    0.4034    0.3927  0.001188 0.0003852  0.005032
   123/299     2.68G  0.003275  0.001328   0.01266   0.01727        39       640    0.3318    0.7998    0.4048    0.3941  0.001184 0.0003843   0.00503
   124/299     2.68G  0.003356  0.001355   0.01304   0.01775        37       640     0.332    0.7953    0.4052    0.3941  0.001172 0.0003825   0.00503
   125/299     2.68G   0.00332  0.001346   0.01282   0.01749        43       640    0.3295       0.8    0.4056    0.3948  0.001161 0.0003856   0.00503
   126/299     2.68G    0.0032  0.001316   0.01258    0.0171        42       640     0.331    0.7986    0.4062    0.3957  0.001152 0.0003842  0.005025
   127/299     2.68G  0.003272  0.001333   0.01274   0.01735        44       640    0.3289    0.7987    0.4064    0.3961  0.001153 0.0003847  0.005025
   128/299     2.68G   0.00316  0.001312   0.01248   0.01695        37       640    0.3283    0.8046    0.4067    0.3963  0.001151 0.0003827  0.005017
   129/299     2.68G  0.003367  0.001293   0.01264    0.0173        43       640    0.3301    0.8029    0.4062    0.3959  0.001144  0.000382  0.005013
   130/299     2.68G  0.003301  0.001331   0.01292   0.01755        46       640     0.332    0.7909    0.4069    0.3964  0.001131 0.0003804  0.005012
   131/299     2.68G  0.003435  0.001316   0.01264   0.01739        33       640    0.3305    0.8034    0.4081    0.3974  0.001123 0.0003789  0.005011
   132/299     2.68G   0.00323  0.001342   0.01264   0.01721        40       640    0.3314    0.7982    0.4087    0.3974  0.001124 0.0003803  0.005009
   133/299     2.68G  0.003109  0.001314   0.01274   0.01717        47       640    0.3322    0.7989    0.4089    0.3977  0.001124 0.0003798  0.005006
   134/299     2.68G  0.003346  0.001331   0.01285   0.01753        45       640    0.3319    0.7958    0.4112    0.3998  0.001123 0.0003798  0.005003
   135/299     2.68G   0.00325  0.001288   0.01261   0.01715        32       640    0.3307    0.8052    0.4117    0.4006  0.001115 0.0003803  0.005003
   136/299     2.68G   0.00305  0.001302   0.01265     0.017        45       640    0.3306    0.8084    0.4119    0.4007  0.001114 0.0003807  0.005002
   137/299     2.68G  0.003352  0.001315   0.01281   0.01747        57       640    0.3293    0.8115    0.4137    0.4023  0.001115 0.0003787  0.004997
   138/299     2.68G  0.003328  0.001308    0.0129   0.01754        51       640     0.328    0.8197    0.4151    0.4035  0.001119 0.0003811  0.004993
   139/299     2.68G  0.003316  0.001305   0.01291   0.01753        38       640    0.3287    0.8131    0.4163    0.4048  0.001123  0.000382  0.004992
   140/299     2.68G  0.003202  0.001289   0.01256   0.01705        44       640    0.3293    0.8154    0.4165    0.4049  0.001132 0.0003823   0.00499
   141/299     2.68G  0.003217  0.001294   0.01274   0.01725        45       640    0.3354    0.7802    0.4162    0.4044  0.001134 0.0003812  0.004991
   142/299     2.68G  0.003284  0.001295   0.01286   0.01744        39       640    0.3385    0.7675    0.4169    0.4052  0.001137 0.0003816  0.004993
   143/299     2.68G  0.003082  0.001276   0.01243   0.01679        42       640     0.328    0.8276    0.4177    0.4061  0.001141 0.0003836  0.004992
   144/299     2.68G  0.003107  0.001299   0.01249    0.0169        40       640    0.3279    0.8277    0.4181    0.4063  0.001144 0.0003843  0.004992
   145/299     2.68G  0.003083  0.001256   0.01276    0.0171        39       640    0.3322    0.8092    0.4194    0.4077   0.00114  0.000383  0.004988
   146/299     2.68G  0.003065   0.00128   0.01263   0.01697        43       640    0.3396    0.7749      0.42    0.4084  0.001139 0.0003837  0.004986
   147/299     2.68G  0.003129  0.001286   0.01282   0.01723        36       640    0.3405    0.7675    0.4206    0.4091  0.001137 0.0003836  0.004984
   148/299     2.68G  0.002988  0.001288   0.01273   0.01701        44       640    0.3447    0.7602     0.421    0.4094  0.001138 0.0003846  0.004982
   149/299     2.68G    0.0031  0.001276   0.01284   0.01722        52       640    0.3407    0.7707    0.4217    0.4101  0.001136 0.0003848   0.00498
   150/299     2.68G  0.003067  0.001282   0.01273   0.01707        35       640    0.3427    0.7675    0.4215    0.4099  0.001137 0.0003852  0.004978
   151/299     2.68G  0.003152  0.001267   0.01265   0.01707        35       640    0.3442    0.7619    0.4224    0.4107  0.001139 0.0003847  0.004977
   152/299     2.68G  0.003151  0.001284   0.01252   0.01696        41       640    0.3411    0.7806    0.4223    0.4105  0.001139 0.0003847  0.004976
   153/299     2.68G   0.00312    0.0013   0.01277   0.01719        38       640    0.3386    0.7845    0.4224    0.4108  0.001138 0.0003835  0.004971
   154/299     2.68G  0.002971  0.001275   0.01257   0.01682        26       640    0.3458    0.7565    0.4227    0.4108  0.001137 0.0003835   0.00497
   155/299     2.68G  0.003099  0.001292   0.01285   0.01724        46       640    0.3459    0.7575    0.4229    0.4113  0.001137 0.0003827  0.004969
   156/299     2.68G  0.003081  0.001245    0.0128   0.01713        42       640    0.3457    0.7628    0.4234     0.412  0.001139 0.0003829  0.004966
   157/299     2.68G  0.003013  0.001239   0.01249   0.01674        32       640    0.3466    0.7581    0.4235    0.4122  0.001141 0.0003814  0.004964
   158/299     2.68G  0.003162  0.001283   0.01303   0.01748        51       640    0.3388    0.7907    0.4237    0.4122  0.001142 0.0003807  0.004964
   159/299     2.68G  0.003106  0.001241   0.01258   0.01693        37       640    0.3372    0.7936    0.4242    0.4126  0.001142 0.0003797  0.004963
   160/299     2.68G  0.002933  0.001248   0.01265   0.01683        41       640    0.3371    0.7984    0.4254    0.4139  0.001138  0.000379  0.004959
   161/299     2.68G  0.002968  0.001259    0.0123   0.01652        39       640    0.3411    0.7801    0.4252    0.4138  0.001138 0.0003792   0.00496
   162/299     2.68G  0.002808  0.001256   0.01244    0.0165        39       640    0.3362    0.8071    0.4256    0.4142  0.001137 0.0003794  0.004958
   163/299     2.68G  0.003137  0.001268   0.01269   0.01709        48       640    0.3392    0.7979    0.4269    0.4158  0.001132 0.0003785  0.004954
   164/299     2.68G  0.003076   0.00126   0.01261   0.01695        35       640    0.3395    0.7979    0.4275    0.4163  0.001133 0.0003782  0.004952
   165/299     2.68G  0.003217  0.001297   0.01265   0.01717        46       640    0.3427    0.7912    0.4277    0.4167  0.001129 0.0003785   0.00495
   166/299     2.68G   0.00289  0.001253   0.01242   0.01657        45       640    0.3416    0.8021    0.4284    0.4174  0.001127 0.0003782  0.004947
   167/299     2.68G  0.003009  0.001249   0.01265   0.01691        39       640    0.3432    0.7921    0.4293     0.418  0.001125 0.0003773  0.004945
   168/299     2.68G  0.003162  0.001256   0.01275   0.01717        42       640    0.3417    0.8023    0.4294     0.418  0.001122 0.0003773  0.004944
   169/299     2.68G  0.003197   0.00125   0.01245    0.0169        25       640    0.3439    0.7916    0.4289    0.4177  0.001119 0.0003761  0.004945
   170/299     2.68G  0.002851  0.001235   0.01237   0.01646        33       640    0.3399    0.8126     0.429    0.4176   0.00112 0.0003745  0.004942
   171/299     2.68G  0.003209  0.001228    0.0128   0.01724        40       640    0.3456    0.7885    0.4298    0.4186  0.001119 0.0003746  0.004941
   172/299     2.68G  0.002987  0.001228   0.01258   0.01679        44       640    0.3465    0.7838    0.4302    0.4191  0.001121 0.0003748   0.00494
   173/299     2.68G  0.002976  0.001237   0.01256   0.01677        52       640    0.3446    0.7934    0.4307    0.4196  0.001119 0.0003742  0.004938
   174/299     2.68G  0.002899  0.001233   0.01254   0.01667        41       640     0.345    0.7955    0.4313    0.4202  0.001119 0.0003741  0.004936
   175/299     2.68G  0.002937  0.001269   0.01287   0.01707        42       640    0.3475    0.7862    0.4313    0.4204  0.001116 0.0003742  0.004935
   176/299     2.68G  0.002945  0.001223   0.01265   0.01681        44       640    0.3455    0.7965    0.4321    0.4209  0.001114 0.0003744  0.004934
   177/299     2.68G  0.003016   0.00121   0.01244   0.01667        43       640    0.3452    0.8005    0.4318    0.4209  0.001113 0.0003737  0.004934
   178/299     2.68G  0.002863   0.00125   0.01261   0.01672        48       640    0.3496    0.7832    0.4318    0.4211  0.001113 0.0003736  0.004933
   179/299     2.68G  0.002969  0.001235   0.01272   0.01692        31       640    0.3477    0.7932    0.4323    0.4216  0.001111 0.0003738  0.004934
   180/299     2.68G  0.003077  0.001229   0.01251   0.01681        38       640     0.348    0.7938    0.4328    0.4221  0.001111 0.0003724   0.00493
   181/299     2.68G  0.002853  0.001226   0.01259   0.01666        47       640     0.349    0.7879    0.4331    0.4226  0.001108 0.0003713  0.004927
   182/299     2.68G  0.002942  0.001231   0.01264   0.01681        49       640    0.3454    0.8021    0.4337    0.4232   0.00111 0.0003705  0.004925
   183/299     2.68G  0.002896  0.001224   0.01243   0.01655        40       640    0.3459     0.801     0.434    0.4235  0.001111   0.00037  0.004925
   184/299     2.68G  0.002831  0.001233   0.01257   0.01664        39       640    0.3455    0.8021    0.4342     0.424  0.001111 0.0003695  0.004924
   185/299     2.68G  0.002874  0.001186   0.01252   0.01658        43       640    0.3394    0.8309    0.4342     0.424   0.00111 0.0003691  0.004923
   186/299     2.68G  0.002816  0.001227   0.01248   0.01652        43       640    0.3488    0.7868    0.4353     0.425  0.001109 0.0003691  0.004921
   187/299     2.68G  0.002868  0.001221    0.0125   0.01659        38       640    0.3393    0.8297    0.4353    0.4254  0.001109 0.0003688  0.004919
   188/299     2.68G   0.00278  0.001218   0.01252   0.01651        37       640    0.3455    0.7981    0.4357    0.4259  0.001108 0.0003683  0.004917
   189/299     2.68G  0.002835  0.001222   0.01228   0.01633        46       640    0.3404    0.8265    0.4359    0.4259  0.001111  0.000368  0.004916
   190/299     2.68G  0.002782  0.001201   0.01252   0.01651        42       640    0.3447    0.8021    0.4361    0.4262  0.001112 0.0003676  0.004914
   191/299     2.68G  0.002794  0.001193    0.0125   0.01649        45       640    0.3399    0.8246    0.4358     0.426  0.001111 0.0003673  0.004914
   192/299     2.68G  0.002896  0.001218   0.01251   0.01663        42       640    0.3404    0.8258    0.4366    0.4269   0.00111 0.0003675  0.004913
   193/299     2.68G  0.002782  0.001191   0.01239   0.01637        52       640    0.3408     0.822    0.4368    0.4272   0.00111 0.0003676  0.004911
   194/299     2.68G  0.002798    0.0012   0.01246   0.01645        50       640    0.3453    0.7969    0.4369    0.4274  0.001112  0.000368   0.00491
   195/299     2.68G  0.002806  0.001237   0.01234   0.01639        36       640    0.3417     0.815    0.4372    0.4275  0.001114 0.0003681  0.004909
   196/299     2.68G  0.002787  0.001211   0.01233   0.01633        33       640     0.349     0.783    0.4374    0.4279  0.001116 0.0003682  0.004908
   197/299     2.68G  0.002849  0.001179   0.01241   0.01644        44       640    0.3424    0.8158    0.4379    0.4283  0.001117 0.0003676  0.004907
   198/299     2.68G  0.003034  0.001183   0.01256   0.01677        40       640    0.3428    0.8168    0.4381    0.4284  0.001118 0.0003678  0.004907
   199/299     2.68G  0.002859  0.001182    0.0124   0.01644        41       640    0.3433    0.8176    0.4386    0.4288  0.001117 0.0003678  0.004906
   200/299     2.68G  0.002776  0.001194   0.01233    0.0163        41       640     0.344    0.8116    0.4389    0.4293  0.001118 0.0003684  0.004905
   201/299     2.68G  0.002861  0.001196   0.01258   0.01664        37       640     0.344     0.812    0.4379    0.4284  0.001119 0.0003682  0.004905
   202/299     2.68G  0.002817  0.001197    0.0123   0.01631        41       640    0.3481    0.7874    0.4373    0.4278   0.00112 0.0003686  0.004906
   203/299     2.68G  0.002778  0.001214    0.0125   0.01649        46       640    0.3466     0.789    0.4381    0.4286  0.001122  0.000369  0.004906
   204/299     2.68G  0.002699  0.001195   0.01254   0.01644        44       640    0.3427    0.8092    0.4384    0.4291  0.001122  0.000369  0.004906
   205/299     2.68G  0.002892  0.001196   0.01251    0.0166        47       640    0.3422    0.8077    0.4384     0.429  0.001121 0.0003689  0.004906
   206/299     2.68G  0.002748  0.001189   0.01256    0.0165        35       640    0.3434    0.8017     0.439    0.4297  0.001122 0.0003693  0.004906
   207/299     2.68G  0.002861  0.001199   0.01234    0.0164        49       640    0.3435    0.8027    0.4391    0.4298  0.001122 0.0003693  0.004906
   208/299     2.68G   0.00268  0.001194   0.01242   0.01629        44       640    0.3478    0.7827    0.4395    0.4301  0.001122 0.0003693  0.004908
   209/299     2.68G  0.002686  0.001202   0.01227   0.01616        39       640    0.3419    0.8042    0.4398    0.4305  0.001125 0.0003692  0.004908
   210/299     2.68G  0.002603  0.001181   0.01219   0.01598        38       640    0.3428    0.7999    0.4394    0.4302  0.001126 0.0003687   0.00491
   211/299     2.68G  0.002879  0.001205   0.01266   0.01674        41       640    0.3445    0.7888    0.4391    0.4298  0.001126  0.000369  0.004912
   212/299     2.68G  0.002674  0.001165   0.01227   0.01611        43       640    0.3428    0.7911    0.4389    0.4296  0.001127 0.0003688  0.004914
   213/299     2.68G  0.002719  0.001179   0.01248   0.01638        48       640    0.3405    0.7997    0.4392    0.4298  0.001128 0.0003682  0.004916
   214/299     2.68G  0.002696  0.001182   0.01233   0.01621        39       640      0.34    0.8042    0.4394    0.4301   0.00113 0.0003681  0.004918
   215/299     2.68G  0.002661  0.001186   0.01227   0.01612        47       640    0.3485    0.7654    0.4393    0.4299  0.001129 0.0003678  0.004918
   216/299     2.68G  0.002727  0.001184   0.01249    0.0164        38       640    0.3489    0.7646    0.4396    0.4303  0.001129 0.0003677  0.004919
   217/299     2.68G  0.002673  0.001175   0.01245    0.0163        41       640    0.3383    0.8109    0.4391    0.4297  0.001129 0.0003679  0.004921
   218/299     2.68G  0.002661  0.001201   0.01224    0.0161        37       640    0.3483    0.7628    0.4393    0.4298  0.001128 0.0003677  0.004923
   219/299     2.68G  0.002628  0.001195   0.01246   0.01628        40       640     0.348    0.7624     0.439    0.4296  0.001128 0.0003677  0.004926
   220/299     2.68G  0.002609  0.001158   0.01223   0.01599        35       640    0.3479     0.755    0.4391    0.4298  0.001127 0.0003675  0.004931
   221/299     2.68G  0.002771  0.001199   0.01224   0.01621        39       640     0.341    0.7812    0.4386    0.4293  0.001127 0.0003675  0.004932
   222/299     2.68G  0.002628   0.00117   0.01241   0.01621        34       640    0.3431    0.7701     0.439    0.4297  0.001128 0.0003675  0.004934
   223/299     2.68G  0.002695  0.001188   0.01245   0.01633        45       640    0.3447    0.7607    0.4384    0.4291  0.001128 0.0003671  0.004937
   224/299     2.68G  0.002552  0.001163   0.01227   0.01598        45       640    0.3446    0.7602    0.4386    0.4294  0.001127 0.0003671  0.004938
   225/299     2.68G   0.00269  0.001204   0.01249   0.01639        32       640    0.3514    0.7368    0.4382     0.429  0.001127  0.000367  0.004942
   226/299     2.68G  0.002536  0.001163   0.01224   0.01594        38       640    0.3317    0.8127    0.4382     0.429  0.001126 0.0003671  0.004945
   227/299     2.68G  0.002733  0.001182   0.01264   0.01655        40       640    0.3318     0.813    0.4385    0.4291  0.001126 0.0003669  0.004946
   228/299     2.68G  0.002599  0.001182   0.01241   0.01619        35       640     0.347    0.7436    0.4383    0.4291  0.001126 0.0003668  0.004946
   229/299     2.68G  0.002814  0.001187   0.01249   0.01649        41       640    0.3413    0.7665    0.4391    0.4298  0.001127 0.0003669  0.004946
