      0/99    0.254G   0.02038   0.00855   0.01974   0.04867         6       640    0.1923    0.6199    0.2059    0.1822  0.004226  0.003232  0.009282
      1/99     4.83G   0.01115  0.003839   0.01834   0.03334         3       640    0.1998    0.9414    0.2073    0.2024  0.002534   0.00278  0.009258
      2/99      5.3G  0.008767  0.003028   0.01863   0.03043         4       640    0.2009    0.8797    0.2061    0.2029  0.001585  0.002478  0.009248
      3/99      5.3G  0.006295    0.0024    0.0186    0.0273         3       640    0.2007     0.911    0.2088    0.2057   0.00131  0.002093  0.009232
      4/99      5.3G  0.005442  0.002079   0.01846   0.02598         6       640    0.2012    0.8917    0.2131    0.2101  0.001152   0.00236  0.009213
      5/99      5.3G  0.004876  0.001891   0.01855   0.02532         3       640    0.2165    0.6356    0.2411    0.2375  0.001099  0.002532  0.009087
      6/99      5.3G  0.004577  0.001773   0.01818   0.02453         4       640    0.2286    0.7602    0.2622    0.2584  0.001051  0.002578  0.008879
      7/99      5.3G   0.00427   0.00172   0.01808   0.02407         3       640    0.4705    0.4859     0.297    0.2918  0.001029  0.002691   0.00848
      8/99      5.3G  0.004169   0.00169   0.01754    0.0234         5       640    0.4823    0.4995    0.3212     0.316 0.0009908  0.002769  0.008181
      9/99      5.3G   0.00429  0.001666   0.01727   0.02322         6       640    0.5125     0.482    0.3404    0.3351   0.00102  0.002766  0.007911
     10/99      5.3G  0.004056  0.001615   0.01708   0.02275         3       640    0.5211    0.4993    0.3504    0.3456 0.0009963  0.002902  0.007746
     11/99      5.3G  0.003983  0.001582   0.01684   0.02241         5       640    0.5269    0.5029    0.3624     0.358 0.0009327  0.002984  0.007596
     12/99      5.3G  0.003909  0.001567   0.01662   0.02209         5       640    0.5226    0.5389    0.3655    0.3612 0.0009242  0.002957   0.00752
     13/99      5.3G  0.003713  0.001506   0.01653   0.02175         3       640    0.5395    0.5183    0.3771    0.3731 0.0009054  0.003084  0.007375
     14/99      5.3G  0.003726  0.001472   0.01635   0.02155         3       640    0.5339    0.5464    0.3802    0.3763 0.0008965  0.003067  0.007287
     15/99      5.3G  0.003519  0.001457   0.01654   0.02152         4       640    0.5319     0.563    0.3876    0.3838 0.0008856  0.003122  0.007203
     16/99      5.3G   0.00366  0.001435   0.01616   0.02125         3       640    0.5367    0.5423    0.3915    0.3877 0.0008764  0.003164  0.007153
     17/99      5.3G  0.003483  0.001406   0.01629   0.02118         6       640    0.5431    0.5273    0.3985    0.3947 0.0008717  0.003197  0.007108
     18/99      5.3G  0.003411  0.001375   0.01623   0.02102         3       640    0.5337    0.5615    0.4022    0.3985 0.0008696  0.003222  0.007078
     19/99      5.3G   0.00343  0.001354   0.01629   0.02107         3       640    0.5388    0.5455    0.4045    0.4008 0.0008637  0.003238  0.007055
     20/99      5.3G  0.003238  0.001334   0.01601   0.02058         3       640    0.5385     0.547    0.4067     0.403   0.00086  0.003244  0.007034
     21/99      5.3G  0.003327  0.001321    0.0159   0.02055         3       640    0.5394    0.5474    0.4086    0.4049 0.0008599  0.003254  0.007012
     22/99      5.3G  0.003198  0.001297   0.01585   0.02035         3       640    0.5421    0.5441    0.4103    0.4066 0.0008619  0.003266  0.006993
     23/99      5.3G  0.003169   0.00128   0.01572   0.02017         3       640    0.5403    0.5485    0.4115    0.4078 0.0008593  0.003271  0.006974
     24/99      5.3G  0.003155   0.00128   0.01604   0.02048         3       640    0.5424    0.5449    0.4126     0.409 0.0008581  0.003279  0.006954
     25/99      5.3G  0.003224  0.001267    0.0159   0.02039         3       640    0.5388    0.5615    0.4154    0.4118 0.0008589  0.003281  0.006936
     26/99      5.3G  0.003145  0.001257   0.01568   0.02009         3       640    0.5393    0.5611    0.4171    0.4134 0.0008528  0.003287  0.006911
     27/99      5.3G  0.003016  0.001255   0.01572   0.01999         6       640    0.5409    0.5622    0.4192    0.4155   0.00085  0.003301  0.006888
     28/99      5.3G  0.003056  0.001232   0.01559   0.01988         3       640    0.5458    0.5494    0.4212    0.4175 0.0008427  0.003314  0.006864
     29/99      5.3G  0.003055  0.001224   0.01566   0.01994         3       640    0.5466    0.5518    0.4233    0.4195 0.0008389  0.003331  0.006844
     30/99      5.3G   0.00315  0.001239   0.01574   0.02013         9       640    0.5469    0.5513    0.4251    0.4212 0.0008349  0.003347  0.006825
     31/99      5.3G  0.003018  0.001227   0.01544   0.01969         3       640    0.5419    0.5708    0.4277    0.4239 0.0008302   0.00336  0.006804
     32/99      5.3G  0.002963  0.001221   0.01559   0.01977         4       640    0.5451    0.5641    0.4307    0.4269 0.0008235  0.003377  0.006783
     33/99      5.3G  0.002909  0.001205   0.01563   0.01975         3       640    0.5457     0.567    0.4319    0.4281 0.0008188  0.003388  0.006766
     34/99      5.3G  0.002822  0.001194   0.01544   0.01946         3       640    0.5478    0.5652    0.4348    0.4311 0.0008166  0.003402  0.006744
     35/99      5.3G  0.002874  0.001183    0.0153   0.01936         3       640    0.5588    0.5394    0.4373    0.4334 0.0008124  0.003414  0.006723
     36/99      5.3G   0.00281  0.001171   0.01544   0.01942         3       640    0.5573    0.5488    0.4398     0.436 0.0008088  0.003422  0.006703
     37/99      5.3G  0.002756  0.001171   0.01539   0.01932         4       640    0.5569    0.5566    0.4422    0.4382 0.0008054  0.003434  0.006682
     38/99      5.3G  0.002768  0.001184   0.01523   0.01918         3       640    0.5612    0.5537    0.4449    0.4409 0.0008031  0.003437  0.006665
     39/99      5.3G  0.002696  0.001156   0.01548   0.01933         6       640    0.5607    0.5606    0.4479    0.4438 0.0008004  0.003439  0.006645
     40/99      5.3G  0.002777  0.001175   0.01518   0.01913         5       640    0.5619     0.563    0.4503    0.4461 0.0007963  0.003442  0.006623
     41/99      5.3G  0.002687  0.001144    0.0153   0.01913         3       640    0.5617    0.5732    0.4536    0.4495 0.0007917  0.003444  0.006597
     42/99      5.3G  0.002669  0.001126   0.01519   0.01898         3       640      0.57    0.5614    0.4572    0.4529 0.0007889  0.003452  0.006575
     43/99      5.3G  0.002655  0.001132   0.01508   0.01886         3       640    0.5794    0.5533    0.4603    0.4561 0.0007846  0.003443  0.006551
     44/99      5.3G  0.002675  0.001136   0.01525   0.01906         4       640     0.354    0.7151    0.4633    0.4591 0.0007842   0.00344  0.006528
     45/99      5.3G  0.002517  0.001132   0.01495    0.0186         4       640    0.3699    0.6978    0.4659    0.4616 0.0007815  0.003437  0.006501
     46/99      5.3G  0.002586   0.00111    0.0151   0.01879         5       640    0.3632    0.7095    0.4685    0.4642 0.0007776  0.003434  0.006476
     47/99      5.3G  0.002546   0.00111     0.015   0.01866         4       640    0.3753    0.6957    0.4718    0.4675 0.0007748   0.00343   0.00645
     48/99      5.3G  0.002456  0.001087   0.01496    0.0185         3       640    0.3706    0.7056    0.4741    0.4698 0.0007701   0.00343  0.006426
     49/99      5.3G    0.0025  0.001107   0.01517   0.01878         3       640    0.3796    0.6983    0.4769    0.4725  0.000767  0.003437  0.006402
     50/99      5.3G  0.002408  0.001081   0.01508   0.01857         4       640    0.3763    0.7056    0.4792    0.4748 0.0007632  0.003443  0.006381
     51/99      5.3G  0.002341  0.001069    0.0149   0.01831         5       640    0.3756    0.7076    0.4825     0.478 0.0007595  0.003454   0.00636
     52/99      5.3G  0.002335  0.001058    0.0148   0.01819         3       640    0.3787    0.7051    0.4848    0.4804 0.0007564  0.003458  0.006341
     53/99      5.3G  0.002501   0.00109   0.01507   0.01867         3       640    0.3865    0.6969    0.4871    0.4827  0.000755  0.003462  0.006318
     54/99      5.3G  0.002379  0.001067     0.015   0.01845         7       640    0.3925    0.6917      0.49    0.4856 0.0007531  0.003464    0.0063
     55/99      5.3G  0.002245  0.001054   0.01476   0.01806         3       640    0.3972    0.6884    0.4925    0.4882  0.000751   0.00347  0.006278
     56/99      5.3G  0.002425  0.001073   0.01507   0.01856         3       640    0.4034    0.6813    0.4949    0.4906 0.0007483  0.003468  0.006261
     57/99      5.3G  0.002317  0.001045   0.01479   0.01815         6       640    0.4091    0.6752    0.4969    0.4926 0.0007459   0.00347  0.006244
     58/99      5.3G  0.002251  0.001053   0.01474   0.01804         3       640    0.4097    0.6784    0.4999    0.4957 0.0007437  0.003476  0.006227
     59/99      5.3G  0.002247  0.001035   0.01472     0.018         3       640    0.4087    0.6828    0.5024    0.4981 0.0007411   0.00348  0.006209
     60/99      5.3G  0.002357  0.001049   0.01477   0.01818         3       640    0.4191    0.6745    0.5053     0.501 0.0007389  0.003489  0.006187
     61/99      5.3G  0.002282  0.001024   0.01481   0.01811         5       640    0.4207    0.6738    0.5071    0.5027  0.000738  0.003493  0.006171
     62/99      5.3G  0.002196  0.001028   0.01484   0.01807         5       640    0.4217    0.6738    0.5089    0.5045 0.0007377  0.003496  0.006156
     63/99      5.3G  0.002125  0.001025   0.01487   0.01802         4       640    0.4253    0.6719    0.5106    0.5063 0.0007354  0.003503  0.006137
     64/99      5.3G  0.002179  0.001026   0.01481   0.01802         7       640    0.4251    0.6751    0.5124     0.508 0.0007351  0.003505  0.006123
     65/99      5.3G  0.002152  0.001008   0.01458   0.01774         3       640    0.4362    0.6619    0.5145    0.5102 0.0007331  0.003508  0.006109
     66/99      5.3G  0.002089  0.001004   0.01463   0.01773         4       640    0.4363    0.6636    0.5168    0.5124 0.0007323  0.003514  0.006096
     67/99      5.3G  0.002066  0.001013   0.01469   0.01776         3       640    0.4356    0.6664    0.5185    0.5141 0.0007311  0.003522  0.006081
     68/99      5.3G  0.002122 0.0009914   0.01449   0.01761         3       640    0.4363    0.6666    0.5203    0.5159 0.0007289  0.003532  0.006066
     69/99      5.3G  0.002184 0.0009925   0.01481   0.01799         3       640    0.4337    0.6724    0.5224     0.518 0.0007268  0.003536  0.006051
     70/99      5.3G   0.00209 0.0009766    0.0145   0.01757         3       640    0.4258    0.6922    0.5244      0.52 0.0007254   0.00355  0.006039
     71/99      5.3G  0.002036 0.0009891    0.0146   0.01763         3       640     0.435    0.6786    0.5257    0.5214 0.0007247  0.003558  0.006024
     72/99      5.3G  0.002038 0.0009931    0.0145   0.01753         9       640    0.4301    0.6901    0.5278    0.5234 0.0007238  0.003567  0.006011
     73/99      5.3G  0.002008 0.0009778   0.01449   0.01748         3       640    0.4329    0.6885    0.5294     0.525 0.0007225  0.003575     0.006
     74/99      5.3G  0.002001 0.0009643   0.01457   0.01754         6       640    0.4348     0.686     0.531    0.5266 0.0007218  0.003593  0.005987
     75/99      5.3G  0.001996 0.0009836    0.0145   0.01748         3       640    0.4342    0.6922    0.5327    0.5283 0.0007203  0.003602  0.005974
     76/99      5.3G  0.002055 0.0009746   0.01459   0.01762         7       640    0.4493    0.6661    0.5348    0.5304 0.0007203  0.003611   0.00596
     77/99      5.3G   0.00198 0.0009696   0.01437   0.01732         3       640    0.4334    0.7006     0.536    0.5316 0.0007194  0.003624  0.005946
     78/99      5.3G  0.001912 0.0009426   0.01444   0.01729         3       640    0.4322    0.7039    0.5378    0.5333 0.0007183  0.003633  0.005934
     79/99      5.3G   0.00196  0.000959   0.01426   0.01718         6       640    0.4447    0.6782    0.5386    0.5342 0.0007169  0.003647  0.005924
     80/99      5.3G  0.001947 0.0009603   0.01432   0.01723         3       640    0.4416    0.6909      0.54    0.5356 0.0007161  0.003662  0.005914
     81/99      5.3G  0.001867 0.0009529   0.01455   0.01737         3       640    0.4408    0.6935    0.5423    0.5378 0.0007144  0.003669  0.005902
     82/99      5.3G  0.001864  0.000937   0.01425   0.01705         3       640    0.4492    0.6795    0.5436    0.5391 0.0007134  0.003682  0.005894
     83/99      5.3G  0.001891 0.0009412   0.01449   0.01732         4       640    0.4389    0.7014    0.5448    0.5403 0.0007127   0.00369  0.005882
     84/99      5.3G  0.001825 0.0009346   0.01421   0.01697         6       640    0.4397    0.7021    0.5464    0.5418 0.0007125  0.003709  0.005872
     85/99      5.3G  0.001816 0.0009463   0.01421   0.01697         5       640    0.4545    0.6761    0.5473    0.5427 0.0007102  0.003715  0.005865
     86/99      5.3G  0.001877  0.000938   0.01426   0.01708         3       640    0.4548    0.6765    0.5486     0.544 0.0007103  0.003727  0.005857
     87/99      5.3G  0.001876 0.0009308   0.01421   0.01701         3       640    0.4643    0.6618    0.5496     0.545 0.0007105  0.003728  0.005848
     88/99      5.3G  0.001877 0.0009266   0.01439    0.0172         6       640    0.4636    0.6654    0.5507    0.5461 0.0007112   0.00374  0.005842
     89/99      5.3G  0.001812 0.0009391   0.01427   0.01702         3       640     0.465    0.6645    0.5517     0.547 0.0007116   0.00375  0.005835
     90/99      5.3G  0.001861 0.0009341   0.01439   0.01719         4       640    0.4649    0.6664    0.5526    0.5478 0.0007109  0.003766  0.005827
     91/99      5.3G  0.001875 0.0009264   0.01428   0.01708         3       640    0.4587    0.6797    0.5534    0.5487 0.0007114  0.003775   0.00582
     92/99      5.3G  0.001813 0.0009211   0.01425   0.01698         3       640    0.4557    0.6858    0.5544    0.5497 0.0007095  0.003783  0.005813
     93/99      5.3G  0.001771 0.0009259     0.014    0.0167         4       640    0.4625    0.6755    0.5552    0.5505 0.0007101  0.003794  0.005807
     94/99      5.3G  0.001796 0.0009228   0.01426   0.01698         3       640    0.4738    0.6582    0.5559    0.5511 0.0007103  0.003807    0.0058
     95/99      5.3G  0.001836 0.0009118   0.01433   0.01707         4       640    0.4687    0.6668    0.5566    0.5517 0.0007073  0.003814  0.005794
     96/99      5.3G  0.001732 0.0008998   0.01381   0.01644         3       640    0.4718    0.6634    0.5573    0.5523 0.0007063  0.003816  0.005789
     97/99      5.3G   0.00188 0.0009154   0.01422   0.01701         3       640    0.4695    0.6696    0.5581    0.5532 0.0007076  0.003816  0.005784
     98/99      5.3G  0.001767 0.0009001   0.01416   0.01683         3       640    0.4708    0.6684    0.5589    0.5539 0.0007067  0.003822  0.005778
     99/99      5.3G  0.001769 0.0009052    0.0142   0.01687         6       640    0.4705    0.6695    0.5594    0.5546 0.0007075  0.003834  0.005775
