     0/299     1.48G    0.0456    0.0442   0.05834    0.1481        10       640    0.1996    0.9958    0.2193    0.1188   0.02109   0.03168   0.05544
     1/299     1.58G   0.02614   0.02876   0.05546    0.1104        20       640    0.2009    0.9931    0.2187    0.1867   0.01604   0.02003   0.05538
     2/299     1.73G   0.01911   0.02125   0.05535    0.0957        10       640    0.2002    0.9978     0.212    0.1917   0.01215   0.01495   0.05525
     3/299     1.73G   0.01169   0.01742    0.0553    0.0844        14       640       0.2     0.999    0.2226    0.2123  0.009033   0.01403   0.05526
     4/299     1.73G  0.009537   0.01483   0.05527   0.07964        13       640    0.2001     0.998    0.2222    0.2181  0.005644   0.01457   0.05524
     5/299     1.73G  0.008484    0.0136   0.05524   0.07733        14       640    0.2003    0.9915    0.2187    0.2148  0.005443   0.01349   0.05523
     6/299     1.73G   0.00735   0.01236   0.05524   0.07495        11       640       0.2    0.9984    0.2129    0.2042  0.006045   0.01303    0.0552
     7/299     1.73G  0.006608   0.01209   0.05523   0.07393        14       640    0.1999    0.9989    0.2185    0.2083    0.0057   0.01335    0.0552
     8/299     1.73G  0.006301    0.0116   0.05522   0.07312        16       640       0.2    0.9989    0.2181    0.2136  0.004551   0.01365   0.05523
     9/299     1.73G  0.006313   0.01128   0.05519   0.07278        11       640    0.2003    0.9915    0.2203    0.2166  0.004616   0.01265   0.05514
    10/299     1.73G  0.005887   0.01118   0.05517   0.07224        12       640    0.2012    0.9859    0.2146    0.2115  0.004425    0.0118   0.05517
    11/299     1.73G  0.005806   0.01095   0.05517   0.07192        10       640    0.2001    0.9974    0.2171    0.2141  0.004703   0.01226   0.05517
    12/299     1.73G   0.00555   0.01081   0.05517   0.07153        16       640    0.2058    0.9199      0.22    0.2172  0.004529    0.0132   0.05512
    13/299     1.73G  0.005161   0.01042   0.05514   0.07072        16       640    0.2027    0.9717    0.2199    0.2161  0.004824   0.01369   0.05512
    14/299     1.73G  0.005065    0.0102   0.05515   0.07042        15       640    0.2022    0.9618    0.2264    0.2245  0.004106   0.01315   0.05508
    15/299     1.73G  0.005386   0.01001   0.05509   0.07048        18       640    0.2114     0.861    0.2399     0.237  0.003761    0.0135   0.05502
    16/299     1.73G  0.004916   0.01007   0.05507   0.07006        11       640    0.2183    0.8772    0.2537    0.2506  0.003604   0.01242   0.05492
    17/299     1.73G  0.004929  0.009838   0.05502   0.06979        15       640    0.2439    0.7638     0.265    0.2607   0.00427   0.01506   0.05472
    18/299     1.73G  0.004895  0.009669    0.0548   0.06936        17       640    0.2374    0.8895    0.2908    0.2876  0.004283   0.01283   0.05413
    19/299     1.73G  0.004595  0.009514   0.05452   0.06863        11       640    0.2631    0.7554    0.3079    0.3044  0.003792    0.0124    0.0531
    20/299     1.73G  0.004681  0.009695   0.05384   0.06821        12       640    0.2741    0.7583    0.3245    0.3178  0.004425   0.01322   0.05179
    21/299     1.73G    0.0049  0.009842   0.05277   0.06751        12       640    0.2771    0.8099     0.334    0.3257  0.004358   0.01397   0.05118
    22/299     1.73G   0.00464  0.009865   0.05231   0.06681        11       640     0.296     0.798    0.3453    0.3381  0.004591   0.01501    0.0507
    23/299     1.73G  0.004681  0.009916   0.05189   0.06649        15       640    0.2957    0.8245    0.3548    0.3497  0.003965   0.01492   0.05026
    24/299     1.73G  0.004588  0.009879   0.05138   0.06585        11       640    0.3193    0.7406    0.3722    0.3673  0.003844   0.01476   0.04934
    25/299     1.73G  0.004547  0.009629   0.05057   0.06475        13       640    0.3185    0.7828    0.3786    0.3706  0.004023   0.01329   0.04968
    26/299     1.73G    0.0044  0.009706   0.05035   0.06445        15       640    0.3309    0.7822    0.3889    0.3827  0.004228    0.0154    0.0484
    27/299     1.73G  0.004623  0.009696   0.05002   0.06434        10       640    0.3363    0.8022    0.3937    0.3875  0.004611   0.01623   0.04769
    28/299     1.73G  0.004331  0.009667   0.04957   0.06357        13       640    0.3361     0.788    0.3955    0.3899  0.003677    0.0156    0.0481
    29/299     1.73G  0.004433  0.009696   0.04953   0.06366        17       640    0.3369     0.812    0.4067    0.3988  0.003817   0.01442   0.04719
    30/299     1.73G  0.004276  0.009623   0.04937   0.06327        17       640    0.3297    0.8178    0.3981    0.3926  0.003993   0.01575   0.04783
    31/299     1.73G  0.004376  0.009588   0.04891   0.06288        13       640    0.3391    0.8058    0.4086    0.4025  0.004183   0.01294   0.04708
    32/299     1.73G  0.004202  0.009344   0.04861   0.06216        14       640    0.3568    0.7717    0.4122    0.4074  0.003503   0.01409   0.04661
    33/299     1.73G  0.004205  0.009488   0.04843   0.06212        14       640    0.3418    0.8309    0.4111     0.406  0.003473   0.01448   0.04625
    34/299     1.73G  0.004245  0.009457   0.04829   0.06199        23       640    0.3513    0.8072    0.4256    0.4208  0.003851   0.01373   0.04599
    35/299     1.73G  0.004184  0.009289   0.04811   0.06159        11       640    0.3552    0.8149    0.4379    0.4336  0.003357    0.0133   0.04575
    36/299     1.73G  0.004292  0.009429   0.04789   0.06162        13       640    0.3538    0.7542    0.4191    0.4144  0.003381   0.01298   0.04713
    37/299     1.73G  0.003973  0.009438    0.0477   0.06111        10       640    0.3538    0.8016    0.4431    0.4378  0.003579   0.01369   0.04567
    38/299     1.73G  0.004213  0.009352   0.04799   0.06156        15       640    0.3658    0.7773    0.4412    0.4364  0.003281   0.01275   0.04553
    39/299     1.73G  0.004026  0.009293   0.04751   0.06082        14       640    0.3645    0.7937     0.445    0.4397  0.003552   0.01507   0.04521
    40/299     1.73G  0.003954  0.009313   0.04702   0.06029        12       640    0.3645    0.8147    0.4589    0.4538  0.003681   0.01357   0.04503
    41/299     1.73G  0.003989  0.009226   0.04743   0.06064        13       640    0.3626    0.8157    0.4535    0.4477   0.00352   0.01529   0.04518
    42/299     1.73G  0.004033  0.009314   0.04704   0.06039        13       640    0.3793     0.774     0.476    0.4697  0.003674   0.01543   0.04477
    43/299     1.73G  0.004058  0.009267   0.04675   0.06008        13       640    0.3798     0.811    0.4757      0.47  0.003647    0.0144   0.04432
    44/299     1.73G  0.003919  0.009105    0.0471   0.06012        13       640     0.362    0.8356     0.482    0.4756  0.004126   0.01647   0.04418
    45/299     1.73G  0.003955  0.009237   0.04685   0.06004        11       640    0.3858    0.7826    0.4785    0.4721  0.003779   0.01523   0.04431
    46/299     1.73G  0.003978  0.009272    0.0466   0.05985        11       640    0.3898    0.7765    0.4938    0.4874  0.003751   0.01547   0.04382
    47/299     1.73G  0.004065  0.009397    0.0463   0.05977        13       640    0.3872     0.795    0.4857    0.4801   0.00338   0.01451   0.04369
    48/299     1.73G  0.003948  0.009339   0.04627   0.05956        16       640    0.3937     0.772    0.4855    0.4799  0.003368   0.01431   0.04392
    49/299     1.73G  0.003896  0.009158   0.04587   0.05893        15       640    0.3845    0.7925    0.4911    0.4847  0.003703   0.01295   0.04352
    50/299     1.73G  0.003911   0.00913    0.0458   0.05884        13       640    0.3928    0.7864    0.4855    0.4801  0.003516   0.01463   0.04364
    51/299     1.73G  0.003904  0.009267   0.04584   0.05901        13       640    0.4106    0.7803    0.5129    0.5077  0.003221   0.01403   0.04294
    52/299     1.73G   0.00385   0.00909    0.0456   0.05854        15       640    0.4157    0.7651    0.5158    0.5096  0.003789   0.01457   0.04309
    53/299     1.73G   0.00377  0.009073   0.04559   0.05843        12       640    0.4123    0.7613    0.5036    0.4967  0.003594   0.01581   0.04323
    54/299     1.73G    0.0039  0.009143   0.04539   0.05843        15       640    0.4137    0.8005    0.5086     0.502   0.00337   0.01454    0.0429
    55/299     1.73G  0.003803  0.008963   0.04554    0.0583        20       640    0.4144    0.7866    0.5114    0.5049  0.003849   0.01446   0.04245
    56/299     1.73G  0.003679  0.009133   0.04497   0.05778        10       640    0.4197    0.7764    0.5178    0.5118    0.0033   0.01364   0.04271
    57/299     1.73G  0.003746  0.008984   0.04545   0.05818        15       640    0.4105     0.815    0.5232    0.5173  0.003242    0.0148   0.04283
    58/299     1.73G  0.003704  0.008812   0.04548   0.05799        15       640    0.4236    0.7649    0.5158    0.5104  0.003405   0.01382   0.04317
    59/299     1.73G  0.003732  0.008987   0.04508    0.0578        18       640    0.4078    0.8149    0.5166    0.5113  0.003377   0.01327   0.04221
    60/299     1.73G   0.00379  0.008885   0.04481   0.05749        10       640    0.4307    0.7757    0.5168     0.511  0.003451   0.01333   0.04213
    61/299     1.73G  0.003757   0.00885   0.04516   0.05777        16       640    0.4203    0.7886    0.5263    0.5201  0.003259   0.01397   0.04187
    62/299     1.73G  0.003682   0.00881   0.04441    0.0569        14       640    0.4202    0.8332     0.522     0.516  0.003589   0.01436   0.04184
    63/299     1.73G  0.003782  0.008869   0.04459   0.05724        16       640    0.4299    0.7852    0.5225    0.5168  0.003185   0.01418   0.04232
    64/299     1.73G  0.003705  0.008783   0.04443   0.05691        19       640    0.4284    0.7973    0.5386     0.533  0.003549   0.01488    0.0416
    65/299     1.73G   0.00357  0.008903   0.04441   0.05688        10       640    0.4443    0.7529    0.5247    0.5176  0.003468   0.01605   0.04178
    66/299     1.73G  0.003714  0.008873   0.04415   0.05674        20       640    0.4345     0.773    0.5358     0.529  0.003375   0.01444   0.04152
    67/299     1.73G  0.003674  0.008741   0.04353   0.05595        19       640     0.439    0.7731    0.5341    0.5277  0.003204    0.0141   0.04128
    68/299     1.73G  0.003603  0.008691   0.04423   0.05653        13       640    0.4537     0.755    0.5318    0.5254  0.003052   0.01365   0.04144
    69/299     1.73G  0.003498   0.00868   0.04391   0.05609        15       640    0.4826    0.7069    0.5365    0.5308  0.003177   0.01364   0.04116
    70/299     1.73G  0.003414  0.008806   0.04405   0.05627        13       640    0.4481    0.7581    0.5437    0.5379  0.003246   0.01469   0.04093
    71/299     1.73G  0.003573  0.008461   0.04412   0.05615        10       640    0.4447      0.79    0.5465    0.5405  0.003295    0.0143   0.04106
    72/299     1.73G   0.00346  0.008653   0.04353   0.05564        15       640    0.4315    0.7895    0.5444    0.5385  0.003305   0.01417   0.04129
    73/299     1.73G  0.003496  0.008488   0.04362   0.05561        11       640    0.4629    0.7488     0.545    0.5386  0.003221    0.0133   0.04096
    74/299     1.73G  0.003464   0.00857   0.04389   0.05593        17       640    0.4648    0.7576    0.5455    0.5393  0.003152   0.01442   0.04108
    75/299     1.73G  0.003524  0.008697   0.04333   0.05555        14       640    0.4291     0.814    0.5506     0.544  0.003187   0.01489   0.04066
    76/299     1.73G  0.003404  0.008537   0.04358   0.05552        14       640    0.4588    0.7372    0.5393    0.5327  0.003309   0.01424   0.04133
    77/299     1.73G  0.003342  0.008398   0.04367   0.05541        17       640    0.4503    0.7822    0.5464    0.5399  0.003314   0.01517   0.04085
    78/299     1.73G  0.003354  0.008562   0.04329   0.05521        13       640    0.4573    0.7628    0.5426    0.5371  0.003205   0.01383   0.04066
    79/299     1.73G  0.003445  0.008574   0.04345   0.05547        11       640    0.4551    0.7646    0.5457    0.5401  0.003084   0.01365   0.04079
    80/299     1.73G  0.003446  0.008625   0.04355   0.05562        16       640    0.4623    0.7475    0.5514    0.5451  0.003186   0.01451    0.0406
    81/299     1.73G  0.003435  0.008678   0.04314   0.05526        11       640    0.4553    0.7624    0.5466    0.5404  0.003048    0.0139   0.04084
    82/299     1.73G  0.003263  0.008418    0.0434   0.05508        19       640    0.4402       0.8    0.5476    0.5416  0.003271   0.01369   0.04066
    83/299     1.73G  0.003396  0.008454   0.04351   0.05536        12       640    0.4546    0.7736    0.5455    0.5392  0.003327   0.01418   0.04079
    84/299     1.73G  0.003359  0.008345   0.04313   0.05483        16       640    0.4726    0.7535    0.5509     0.545  0.003179   0.01432   0.04085
    85/299     1.73G  0.003262   0.00847   0.04297    0.0547        15       640    0.4949     0.722     0.558     0.551  0.003049   0.01463   0.04038
    86/299     1.73G  0.003458  0.008505   0.04292   0.05488        17       640     0.492    0.7288    0.5588    0.5527  0.003156   0.01465    0.0406
    87/299     1.73G  0.003298  0.008481   0.04308   0.05486        17       640    0.4505    0.8064    0.5566    0.5506  0.003031   0.01412   0.04028
    88/299     1.73G  0.003358   0.00831   0.04302   0.05469        17       640    0.4816    0.7584     0.556    0.5502   0.00297   0.01383   0.04027
    89/299     1.73G  0.003338  0.008271   0.04285   0.05446        14       640    0.4685    0.7699    0.5536    0.5473  0.003071   0.01519   0.04044
    90/299     1.73G  0.003385  0.008504   0.04272   0.05461        12       640    0.4712    0.7604    0.5538    0.5475  0.003118   0.01428   0.04038
    91/299     1.73G  0.003194  0.008298   0.04257   0.05406        12       640    0.4725    0.7495    0.5525    0.5466  0.003162   0.01373   0.04031
    92/299     1.73G  0.003261    0.0083   0.04285   0.05441        11       640    0.4832    0.7487    0.5525     0.547  0.003074   0.01304   0.04042
    93/299     1.73G  0.003274  0.008198   0.04233    0.0538        10       640    0.4765    0.7671    0.5558    0.5502  0.002921   0.01312   0.04009
    94/299     1.73G  0.003263  0.008132   0.04264   0.05403        12       640    0.4838    0.7503    0.5576    0.5513  0.002922   0.01392   0.04003
    95/299     1.73G  0.003195  0.008214   0.04246   0.05387        14       640     0.453    0.7995    0.5597    0.5536  0.002908   0.01387   0.04002
    96/299     1.73G  0.003201  0.008192   0.04233   0.05373        19       640    0.4452    0.8089    0.5607    0.5551  0.003006   0.01409   0.04002
    97/299     1.73G   0.00323  0.008264   0.04253   0.05403        11       640    0.4984    0.7287    0.5587    0.5525  0.003053   0.01437   0.03999
    98/299     1.73G   0.00317  0.008298    0.0425   0.05397        16       640    0.4742     0.767    0.5613    0.5551  0.002917   0.01442   0.03991
    99/299     1.73G  0.003188  0.008244   0.04247    0.0539        11       640     0.486    0.7516    0.5623    0.5562  0.002848   0.01437   0.03982
   100/299     1.73G  0.003165  0.008241    0.0425    0.0539        13       640    0.4683    0.7905    0.5639    0.5576   0.00287   0.01432   0.03991
   101/299     1.73G  0.003179  0.008266   0.04222   0.05367        11       640    0.4584    0.7923      0.56    0.5543  0.002959   0.01373   0.04012
   102/299     1.73G  0.003209  0.008212   0.04254   0.05396        13       640    0.4663    0.7818     0.562    0.5559  0.002935   0.01408   0.03991
   103/299     1.73G  0.003223  0.008211   0.04206   0.05349        14       640    0.4721    0.7731    0.5642    0.5584  0.002905   0.01384   0.03998
   104/299     1.73G  0.003059  0.008052   0.04198   0.05309        12       640    0.4636    0.7898    0.5648    0.5588  0.002989   0.01357   0.03989
   105/299     1.73G  0.003167  0.008088   0.04196   0.05321        13       640    0.4842    0.7617    0.5689    0.5624  0.003038   0.01361    0.0397
   106/299     1.73G   0.00317  0.008087   0.04217   0.05342        14       640    0.4925    0.7571    0.5712     0.565  0.002951   0.01345   0.03954
   107/299     1.73G  0.003114  0.008275   0.04197   0.05336        15       640    0.4855    0.7664    0.5713    0.5653   0.00298   0.01351    0.0395
   108/299     1.73G  0.003065  0.008117   0.04185   0.05304        17       640    0.4776    0.7832    0.5695    0.5637  0.002987   0.01348    0.0396
   109/299     1.73G    0.0031  0.008038    0.0419   0.05303        15       640    0.4899    0.7641    0.5697    0.5636  0.002966   0.01352   0.03963
   110/299     1.73G  0.003023   0.00803   0.04186   0.05292        12       640    0.4748    0.7898    0.5703    0.5641  0.002921   0.01368   0.03961
   111/299     1.73G  0.003018  0.008044   0.04162   0.05268        14       640    0.4747    0.7918    0.5717    0.5659  0.002935   0.01347   0.03946
   112/299     1.73G  0.002991  0.007996   0.04171    0.0527        14       640    0.4761    0.7858    0.5707    0.5649  0.002945   0.01353   0.03931
   113/299     1.73G  0.003014  0.008124   0.04156   0.05269        10       640    0.4754    0.7866     0.572    0.5658  0.002902   0.01343   0.03923
   114/299     1.73G  0.003041  0.007921   0.04169   0.05265        16       640    0.4886    0.7728    0.5715    0.5657  0.002863   0.01339   0.03923
   115/299     1.73G  0.002989  0.008133   0.04155   0.05267        13       640    0.4833     0.778      0.57    0.5637  0.002881   0.01361   0.03951
   116/299     1.73G  0.003054  0.007985   0.04167   0.05271        10       640    0.4923    0.7622    0.5701    0.5643  0.002888   0.01371   0.03961
   117/299     1.73G  0.002971  0.007853   0.04146   0.05228        10       640    0.5075    0.7413    0.5738    0.5679  0.002858    0.0137   0.03943
   118/299     1.73G  0.002981  0.007945   0.04165   0.05257        15       640     0.498    0.7613    0.5758    0.5696  0.002883   0.01363   0.03929
   119/299     1.73G   0.00295  0.007971   0.04193   0.05285        13       640    0.4886    0.7759    0.5745    0.5683  0.002887   0.01357   0.03935
   120/299     1.73G     0.003  0.007901   0.04169   0.05259        15       640    0.5013     0.753    0.5756    0.5693  0.002876   0.01376   0.03928
   121/299     1.73G  0.002986  0.007946   0.04154   0.05247        12       640    0.5043    0.7512    0.5769    0.5706   0.00285    0.0137   0.03928
   122/299     1.73G   0.00288  0.008146   0.04135   0.05238        12       640    0.4979    0.7586    0.5769    0.5707  0.002856   0.01373    0.0393
   123/299     1.73G  0.002975  0.007929    0.0414   0.05231        22       640       0.5    0.7571    0.5755    0.5694  0.002859   0.01376   0.03932
   124/299     1.73G  0.002915  0.007872   0.04121   0.05199        14       640    0.4954    0.7608     0.579     0.573  0.002832   0.01387   0.03921
   125/299     1.73G  0.002948  0.007957   0.04161   0.05252        10       640    0.4938    0.7602    0.5767    0.5705  0.002843   0.01387   0.03921
   126/299     1.73G  0.002898  0.007997   0.04144   0.05234        13       640    0.5031    0.7424    0.5785    0.5723   0.00285    0.0139   0.03912
   127/299     1.73G  0.002864  0.007993   0.04149   0.05235        10       640    0.4933    0.7629    0.5786    0.5725  0.002868   0.01393   0.03912
   128/299     1.73G  0.002945  0.007955   0.04167   0.05257        12       640     0.499    0.7497    0.5779    0.5718  0.002869   0.01385   0.03912
   129/299     1.73G   0.00293  0.007881   0.04134   0.05215        17       640    0.4655    0.8103    0.5794     0.573  0.002882   0.01398   0.03908
   130/299     1.73G  0.002862  0.007852   0.04103   0.05174        10       640    0.4693    0.8105    0.5796    0.5735  0.002884   0.01409   0.03901
   131/299     1.73G   0.00287  0.007815   0.04087   0.05156        21       640    0.4944    0.7612    0.5798    0.5736   0.00289   0.01395   0.03899
   132/299     1.73G  0.002847  0.007805    0.0412   0.05185        16       640    0.4935    0.7624    0.5787    0.5725  0.002882   0.01381   0.03908
   133/299     1.73G  0.002836  0.007773   0.04085   0.05146        14       640     0.518    0.7218    0.5814    0.5753  0.002869   0.01383   0.03899
   134/299     1.73G  0.002808  0.007777   0.04099   0.05157        10       640     0.506    0.7413    0.5818    0.5758  0.002851   0.01382   0.03893
   135/299     1.73G  0.002808  0.007851   0.04055   0.05121        11       640    0.5021    0.7517    0.5825    0.5765  0.002836   0.01378   0.03883
   136/299     1.73G  0.002843  0.007884   0.04095   0.05168        16       640    0.5032    0.7497     0.582    0.5759  0.002829   0.01377   0.03877
   137/299     1.73G  0.002832  0.007769   0.04035   0.05095        15       640    0.4726     0.805    0.5824    0.5763  0.002846    0.0138   0.03877
   138/299     1.73G  0.002831  0.007852   0.04081   0.05149        13       640    0.4937     0.766    0.5822    0.5761  0.002831    0.0138   0.03879
   139/299     1.73G  0.002769  0.007835   0.04072   0.05132        18       640    0.4883    0.7747    0.5825    0.5765  0.002822    0.0139   0.03879
   140/299     1.73G  0.002764  0.007772   0.04074   0.05127        13       640    0.4947    0.7651    0.5823    0.5765   0.00282   0.01391   0.03881
   141/299     1.73G  0.002744  0.007723   0.04104   0.05151        11       640    0.5243    0.7154    0.5831    0.5774   0.00281   0.01392   0.03881
   142/299     1.73G  0.002777  0.007694   0.04052   0.05099        15       640    0.5218    0.7251     0.584    0.5783  0.002811   0.01385   0.03879
   143/299     1.73G  0.002755  0.007558   0.04079    0.0511        15       640    0.5063    0.7533    0.5845    0.5787  0.002815   0.01381   0.03874
   144/299     1.73G  0.002751  0.007669   0.04062   0.05104        21       640    0.5255     0.726    0.5843    0.5783  0.002807   0.01378   0.03872
   145/299     1.73G  0.002726  0.007742   0.04048   0.05095        11       640    0.5219    0.7319    0.5837    0.5778  0.002819   0.01383   0.03871
   146/299     1.73G  0.002772  0.007589    0.0402   0.05056        14       640    0.5304    0.7224    0.5846    0.5788   0.00282    0.0138   0.03865
   147/299     1.73G  0.002745  0.007713   0.04035   0.05081        11       640    0.5275    0.7267    0.5847    0.5788  0.002823   0.01379   0.03865
   148/299     1.73G   0.00266  0.007745   0.04014   0.05054        10       640    0.5343    0.7127    0.5855    0.5796  0.002816   0.01378   0.03863
   149/299     1.73G  0.002684  0.007522   0.04031   0.05051        13       640    0.5143    0.7433    0.5861    0.5803  0.002815   0.01375   0.03861
   150/299     1.73G  0.002709  0.007578   0.04047   0.05076        15       640    0.5207    0.7338    0.5868    0.5809  0.002826   0.01375   0.03861
   151/299     1.73G  0.002661  0.007499   0.04027   0.05043        11       640    0.5107    0.7492    0.5874    0.5815  0.002823   0.01372    0.0386
   152/299     1.73G   0.00268  0.007742   0.04023   0.05065        12       640    0.5091    0.7516     0.588     0.582  0.002829   0.01373   0.03855
   153/299     1.73G  0.002723  0.007761   0.04015   0.05063        13       640    0.5201    0.7369    0.5876    0.5817  0.002834   0.01371   0.03855
   154/299     1.73G  0.002692  0.007564   0.04003   0.05029        19       640    0.5193    0.7372    0.5879     0.582  0.002834   0.01373   0.03852
   155/299     1.73G  0.002654  0.007704   0.04009   0.05044        10       640    0.5225    0.7315    0.5878     0.582  0.002831    0.0137    0.0385
   156/299     1.73G  0.002577  0.007449   0.04023   0.05025        13       640    0.5148     0.744    0.5878    0.5819  0.002824   0.01369   0.03849
   157/299     1.73G  0.002635  0.007621   0.03996   0.05022        17       640    0.5215    0.7368    0.5883    0.5825  0.002808   0.01368   0.03847
   158/299     1.73G  0.002689  0.007471   0.03957   0.04973        15       640    0.5247    0.7364    0.5876    0.5817  0.002807   0.01366   0.03846
   159/299     1.73G   0.00263  0.007445   0.03983    0.0499        14       640    0.5231    0.7385    0.5882    0.5823  0.002801   0.01367   0.03845
   160/299     1.73G  0.002647  0.007656   0.04012   0.05042        13       640    0.5173    0.7466    0.5883    0.5824  0.002794   0.01367   0.03845
   161/299     1.73G    0.0026  0.007658   0.04009   0.05035        12       640    0.5265    0.7315    0.5888    0.5829  0.002795   0.01365   0.03844
   162/299     1.73G  0.002553  0.007512   0.04004   0.05011        20       640    0.5259     0.731    0.5885    0.5825  0.002793   0.01365   0.03843
   163/299     1.73G  0.002536  0.007562   0.03985   0.04995        11       640    0.5256    0.7327     0.588    0.5822   0.00279   0.01367   0.03843
   164/299     1.73G  0.002633  0.007435   0.03994   0.05001        12       640    0.5216    0.7378    0.5887    0.5828  0.002792   0.01363   0.03841
   165/299     1.73G  0.002601  0.007463   0.03983    0.0499        13       640    0.5276    0.7281    0.5885    0.5827  0.002787   0.01365   0.03839
   166/299     1.73G  0.002509  0.007379   0.03977   0.04966        14       640    0.5339    0.7143    0.5881    0.5823  0.002783   0.01366   0.03838
   167/299     1.73G  0.002561  0.007425   0.03971    0.0497        13       640    0.5291     0.724     0.588    0.5823  0.002775   0.01365   0.03838
   168/299     1.73G  0.002557  0.007374   0.03973   0.04966        14       640    0.5266    0.7287    0.5882    0.5823  0.002772   0.01361   0.03837
   169/299     1.73G  0.002475  0.007469   0.03934   0.04929        13       640    0.5274    0.7276    0.5886    0.5827  0.002772    0.0136   0.03836
   170/299     1.73G  0.002481  0.007398   0.03943   0.04931        16       640    0.5268    0.7293    0.5883    0.5825  0.002773   0.01363   0.03835
   171/299     1.73G  0.002587  0.007486   0.03923    0.0493        10       640    0.5245    0.7305    0.5893    0.5834  0.002771   0.01363   0.03835
   172/299     1.73G  0.002533  0.007633   0.03974   0.04991        10       640    0.5069    0.7607      0.59    0.5844  0.002766   0.01361   0.03834
   173/299     1.73G  0.002526  0.007518   0.03949   0.04954        10       640    0.5299    0.7218    0.5899    0.5841  0.002763    0.0136   0.03833
   174/299     1.73G  0.002496  0.007305   0.03943   0.04923        12       640    0.5084    0.7596      0.59    0.5843  0.002759   0.01359   0.03831
   175/299     1.73G  0.002463  0.007354   0.03954   0.04935        19       640    0.5179    0.7451    0.5912    0.5855  0.002752   0.01358   0.03828
   176/299     1.73G  0.002404  0.007321   0.03937    0.0491        18       640    0.5232    0.7353    0.5916    0.5857  0.002748   0.01356   0.03828
   177/299     1.73G   0.00251  0.007581    0.0392   0.04929        11       640     0.519    0.7445    0.5915    0.5856  0.002746   0.01354   0.03829
   178/299     1.73G  0.002462  0.007307   0.03896   0.04873        19       640    0.5191    0.7459    0.5911    0.5853  0.002745   0.01351   0.03828
   179/299     1.73G  0.002443   0.00754   0.03871   0.04869        21       640    0.5196    0.7467    0.5915    0.5857  0.002743   0.01349   0.03827
   180/299     1.73G   0.00245  0.007255   0.03879    0.0485        15       640    0.5169    0.7517    0.5916    0.5858  0.002743   0.01347   0.03827
   181/299     1.73G  0.002539  0.007376   0.03868   0.04859        13       640    0.5157    0.7545    0.5917     0.586  0.002741   0.01346   0.03826
   182/299     1.73G  0.002439   0.00741   0.03893   0.04878        21       640    0.5146    0.7553    0.5912    0.5855  0.002736   0.01346   0.03827
   183/299     1.73G  0.002442  0.007331    0.0392   0.04897        18       640    0.5152    0.7556    0.5916    0.5857  0.002732   0.01345   0.03826
   184/299     1.73G  0.002458  0.007426   0.03882    0.0487        18       640    0.5144    0.7539    0.5914    0.5856  0.002731   0.01345   0.03826
   185/299     1.73G  0.002398  0.007409   0.03907   0.04887        17       640    0.5159    0.7511    0.5919    0.5862   0.00273   0.01343   0.03825
   186/299     1.73G  0.002392   0.00731   0.03896   0.04866        18       640    0.5156    0.7523    0.5919    0.5862  0.002731   0.01343   0.03824
   187/299     1.73G  0.002397  0.007253   0.03868   0.04833        10       640    0.5144    0.7539    0.5918    0.5861  0.002732   0.01342   0.03824
   188/299     1.73G  0.002396  0.007436   0.03873   0.04856        12       640    0.5176    0.7456    0.5919    0.5862  0.002733   0.01341   0.03823
   189/299     1.73G   0.00236  0.007235   0.03866   0.04825        19       640    0.5192    0.7408    0.5922    0.5864  0.002734    0.0134   0.03821
   190/299     1.73G  0.002407  0.007236   0.03862   0.04827        11       640    0.5101    0.7591    0.5924    0.5866  0.002735   0.01338    0.0382
   191/299     1.73G   0.00238  0.007309   0.03884   0.04853        16       640    0.5142    0.7518    0.5921    0.5862  0.002731   0.01338    0.0382
   192/299     1.73G  0.002399  0.007194   0.03872   0.04831        18       640    0.5147     0.753    0.5922    0.5863  0.002729   0.01336    0.0382
   193/299     1.73G  0.002331  0.007152   0.03812    0.0476        10       640     0.515    0.7501     0.592     0.586   0.00273   0.01336   0.03819
   194/299     1.73G  0.002301  0.007164    0.0383   0.04776        12       640     0.514    0.7521    0.5916    0.5857   0.00273   0.01336    0.0382
   195/299     1.73G  0.002319  0.007267   0.03848   0.04806        11       640    0.5215    0.7346    0.5916    0.5858   0.00273   0.01336    0.0382
   196/299     1.73G  0.002317  0.007128   0.03852   0.04797        14       640    0.5203    0.7386    0.5914    0.5856   0.00273   0.01335   0.03819
   197/299     1.73G  0.002343  0.007191   0.03849   0.04803        16       640    0.5211    0.7377    0.5917    0.5858   0.00273   0.01335   0.03819
   198/299     1.73G  0.002347  0.007186   0.03816    0.0477        13       640    0.5155    0.7487    0.5921    0.5862  0.002731   0.01333   0.03819
   199/299     1.73G  0.002301  0.007204   0.03878   0.04829        10       640    0.5193    0.7402    0.5921    0.5862  0.002731   0.01333   0.03818
   200/299     1.73G  0.002314  0.007285   0.03829   0.04789        15       640    0.5208    0.7351    0.5922    0.5863  0.002732   0.01334   0.03817
   201/299     1.73G  0.002265  0.007164   0.03816   0.04758        13       640    0.5206    0.7403    0.5923    0.5863  0.002734   0.01332   0.03817
   202/299     1.73G  0.002293  0.007189   0.03856   0.04804        10       640     0.519    0.7407    0.5923    0.5864  0.002733    0.0133   0.03816
   203/299     1.73G  0.002335   0.00704   0.03805   0.04742        13       640    0.5169    0.7419    0.5926    0.5866  0.002733   0.01331   0.03815
   204/299     1.73G  0.002306  0.007166   0.03752   0.04699        11       640    0.5189    0.7391    0.5928    0.5868  0.002733   0.01332   0.03815
   205/299     1.73G  0.002231  0.007097   0.03789   0.04722        17       640    0.5174    0.7416    0.5929    0.5869  0.002733   0.01333   0.03814
   206/299     1.73G  0.002305  0.007248    0.0379   0.04746        13       640    0.5186    0.7385    0.5929    0.5867  0.002735   0.01332   0.03814
   207/299     1.73G  0.002271  0.007176   0.03803   0.04747        19       640    0.5164    0.7429    0.5928    0.5868  0.002736   0.01331   0.03814
   208/299     1.73G  0.002294  0.007189   0.03761   0.04709        15       640    0.5167     0.743    0.5927    0.5866  0.002738   0.01329   0.03813
   209/299     1.73G  0.002242  0.007136   0.03765   0.04702        13       640    0.5032    0.7701    0.5924    0.5864  0.002737   0.01329   0.03814
   210/299     1.73G  0.002251  0.007174   0.03739   0.04681        14       640    0.5035    0.7712    0.5926    0.5864  0.002738   0.01325   0.03813
   211/299     1.73G  0.002262  0.007331   0.03756   0.04715        11       640    0.5024    0.7727    0.5924    0.5863  0.002738   0.01324   0.03813
   212/299     1.73G  0.002265  0.007104   0.03753    0.0469        13       640    0.5022    0.7731    0.5924    0.5863  0.002735    0.0132   0.03813
   213/299     1.73G  0.002246  0.006992   0.03723   0.04647        18       640    0.5165    0.7419    0.5927    0.5867  0.002733   0.01318   0.03812
   214/299     1.73G  0.002166  0.006934   0.03784   0.04694        12       640    0.5203    0.7361    0.5924    0.5864  0.002735   0.01318   0.03812
   215/299     1.73G  0.002158  0.007076   0.03749   0.04673        14       640     0.519    0.7364    0.5929    0.5869  0.002735   0.01317   0.03812
   216/299     1.73G  0.002183  0.007007    0.0376   0.04679        13       640    0.5042    0.7691     0.593     0.587  0.002736   0.01315   0.03812
   217/299     1.73G  0.002179  0.007084   0.03734    0.0466        15       640    0.5185    0.7383    0.5928    0.5867  0.002736   0.01313   0.03812
   218/299     1.73G  0.002199  0.006944   0.03739   0.04654        13       640    0.5193     0.737    0.5933    0.5872  0.002733   0.01312   0.03812
   219/299     1.73G  0.002202  0.007107   0.03729    0.0466        15       640    0.5043    0.7689    0.5931    0.5869  0.002734    0.0131   0.03812
   220/299     1.73G  0.002195  0.007046   0.03743   0.04667        13       640      0.52     0.737    0.5938    0.5876  0.002734   0.01309   0.03811
   221/299     1.73G  0.002125  0.007071   0.03691   0.04611        17       640    0.5202    0.7335    0.5936    0.5874  0.002732   0.01309    0.0381
   222/299     1.73G  0.002128  0.006911   0.03697   0.04601        13       640    0.5148    0.7487    0.5937    0.5876  0.002734    0.0131   0.03811
   223/299     1.73G  0.002166  0.007078   0.03732   0.04657        12       640    0.5147    0.7482    0.5935    0.5875  0.002736   0.01308   0.03811
   224/299     1.73G   0.00218  0.007032   0.03732   0.04653        13       640    0.5152    0.7487    0.5933    0.5873  0.002739   0.01308    0.0381
   225/299     1.73G  0.002193  0.007017   0.03701   0.04622        11       640    0.5149     0.748    0.5933    0.5871   0.00274   0.01307    0.0381
   226/299     1.73G  0.002135  0.007146   0.03717   0.04645        12       640    0.5136    0.7504    0.5933    0.5871   0.00274   0.01307    0.0381
   227/299     1.73G  0.002203  0.007092   0.03645   0.04574        12       640    0.5132    0.7492    0.5936    0.5874  0.002743   0.01307   0.03809
   228/299     1.73G   0.00217  0.006872   0.03725   0.04629        11       640    0.5195    0.7351    0.5939    0.5878  0.002748   0.01306   0.03809
   229/299     1.73G  0.002124  0.007083   0.03658   0.04579        12       640    0.5183    0.7376    0.5937    0.5876  0.002751   0.01304   0.03809
   230/299     1.73G  0.002131   0.00701   0.03705   0.04619        16       640    0.5183     0.737     0.594    0.5878  0.002753   0.01303   0.03809
   231/299     1.73G  0.002086  0.006885   0.03643    0.0454        12       640    0.5107    0.7537    0.5946    0.5884  0.002758   0.01302   0.03808
   232/299     1.73G  0.002079  0.006931   0.03633   0.04534        14       640    0.5114    0.7534    0.5946    0.5884  0.002763   0.01299   0.03808
   233/299     1.73G   0.00214  0.007028   0.03688   0.04605        13       640    0.5171    0.7392    0.5947    0.5887   0.00277   0.01298   0.03809
   234/299     1.73G  0.002176  0.007229    0.0365    0.0459        12       640    0.5191    0.7376    0.5948    0.5888  0.002771   0.01298   0.03809
   235/299     1.73G  0.002107   0.00699   0.03593   0.04503        18       640    0.5146    0.7449    0.5952    0.5891  0.002776   0.01296   0.03809
   236/299     1.73G  0.002125  0.007053   0.03624   0.04542        14       640    0.5167    0.7424    0.5954    0.5891  0.002781   0.01294    0.0381
   237/299     1.73G  0.002102  0.006923    0.0363   0.04533        16       640    0.5179    0.7418    0.5951    0.5887  0.002787   0.01294    0.0381
   238/299     1.73G  0.002089  0.006975   0.03662   0.04568        12       640     0.517    0.7432    0.5948    0.5886   0.00279   0.01292    0.0381
   239/299     1.73G  0.002075   0.00693    0.0363    0.0453        14       640     0.516    0.7435    0.5952    0.5892  0.002796   0.01293   0.03811
   240/299     1.73G  0.002012  0.006787   0.03574   0.04454        10       640     0.515    0.7435    0.5954    0.5893  0.002797   0.01292    0.0381
   241/299     1.73G  0.002065  0.006853   0.03612   0.04504        14       640    0.5126    0.7482    0.5956    0.5896  0.002801   0.01293   0.03811
   242/299     1.73G  0.002044  0.006898     0.036   0.04494        13       640    0.5125    0.7484    0.5956    0.5896  0.002803   0.01292    0.0381
   243/299     1.73G  0.002077  0.006941   0.03548    0.0445        15       640    0.5132    0.7461    0.5962    0.5901  0.002805   0.01292   0.03811
   244/299     1.73G  0.002037  0.006883   0.03571   0.04463        17       640    0.5049    0.7669    0.5962    0.5899  0.002814   0.01291   0.03811
   245/299     1.73G   0.00204  0.006945   0.03649   0.04548        11       640    0.5041    0.7692    0.5966    0.5903  0.002819    0.0129   0.03811
   246/299     1.73G  0.002069  0.006934   0.03552   0.04453        10       640    0.5119    0.7508    0.5967    0.5905  0.002823   0.01289   0.03812
   247/299     1.73G   0.00209  0.007058   0.03585     0.045        15       640    0.5139    0.7464    0.5966    0.5904  0.002826   0.01289   0.03812
   248/299     1.73G  0.002102  0.006941    0.0352   0.04424        15       640    0.5141    0.7487    0.5967    0.5904  0.002828   0.01288   0.03812
   249/299     1.73G  0.002061  0.006879   0.03623   0.04517        16       640    0.5137    0.7503    0.5963    0.5901   0.00283   0.01286   0.03812
   250/299     1.73G  0.002048  0.006902   0.03566   0.04461        10       640    0.5127    0.7518    0.5965    0.5902  0.002832   0.01286   0.03811
   251/299     1.73G  0.002011  0.006841   0.03536   0.04422        14       640    0.5102     0.755    0.5966    0.5904  0.002833   0.01286   0.03811
   252/299     1.73G  0.002027  0.006865   0.03571   0.04461        12       640    0.5029    0.7742    0.5969    0.5907  0.002835   0.01285   0.03811
   253/299     1.73G  0.002072  0.006839   0.03539    0.0443        11       640    0.5093    0.7613    0.5968    0.5905  0.002831   0.01284   0.03812
   254/299     1.73G  0.001995  0.006755   0.03534   0.04409        19       640    0.5096    0.7597    0.5968    0.5905  0.002831   0.01285   0.03812
   255/299     1.73G  0.001996  0.006787   0.03479   0.04357        11       640    0.5081    0.7629    0.5966    0.5903  0.002834   0.01285   0.03813
   256/299     1.73G  0.002031   0.00684   0.03529   0.04416        17       640    0.5086    0.7615    0.5969    0.5905  0.002835   0.01284   0.03813
   257/299     1.73G  0.002062  0.006819   0.03472    0.0436        16       640    0.5083    0.7644    0.5972    0.5908  0.002837   0.01284   0.03812
   258/299     1.73G  0.002024   0.00697   0.03582   0.04482        13       640    0.5105    0.7576    0.5967    0.5904  0.002835   0.01285   0.03814
   259/299     1.73G  0.002016  0.006826   0.03496    0.0438        12       640    0.5107    0.7572    0.5971    0.5906  0.002831   0.01285   0.03814
   260/299     1.73G  0.002019  0.006822   0.03514   0.04398        16       640     0.507    0.7658    0.5969    0.5906  0.002827   0.01284   0.03815
   261/299     1.73G   0.00203  0.007069   0.03556   0.04466        13       640    0.5049    0.7702     0.597    0.5906  0.002823   0.01281   0.03816
   262/299     1.73G  0.001983  0.006828   0.03524   0.04405        16       640    0.5057    0.7674     0.597    0.5906  0.002821   0.01281   0.03816
   263/299     1.73G  0.002024  0.006897   0.03503   0.04395        13       640    0.5161    0.7435    0.5974    0.5909  0.002823   0.01281   0.03816
   264/299     1.73G  0.002028  0.006823   0.03494   0.04379        15       640    0.5167    0.7452    0.5972    0.5908  0.002821    0.0128   0.03817
   265/299     1.73G   0.00202  0.006926   0.03443   0.04337        12       640    0.5054    0.7687    0.5974    0.5909  0.002818   0.01279   0.03817
   266/299     1.73G   0.00198  0.006856   0.03517     0.044        17       640    0.5145    0.7465    0.5976    0.5912  0.002819    0.0128   0.03817
   267/299     1.73G   0.00203  0.006861   0.03501    0.0439        15       640     0.505    0.7685    0.5982    0.5918  0.002812   0.01279   0.03817
   268/299     1.73G  0.001974  0.006705   0.03512    0.0438        14       640    0.5049    0.7686    0.5981    0.5917   0.00281   0.01278   0.03817
   269/299     1.73G  0.001952  0.006777   0.03419   0.04292        11       640    0.5055    0.7691    0.5983    0.5918  0.002806   0.01278   0.03816
   270/299     1.73G  0.002023  0.006971   0.03462   0.04362        14       640    0.5152    0.7483    0.5983    0.5919  0.002807   0.01277   0.03817
   271/299     1.73G  0.001979  0.006626   0.03429   0.04289        13       640    0.5034    0.7714    0.5982    0.5917  0.002802   0.01276   0.03817
   272/299     1.73G  0.001999  0.006781   0.03478   0.04356        16       640    0.5052    0.7684    0.5981    0.5917  0.002804   0.01276   0.03818
   273/299     1.73G  0.001993  0.006811   0.03413   0.04294        16       640    0.5153    0.7466    0.5982    0.5918  0.002804   0.01275   0.03819
   274/299     1.73G  0.002029  0.006822   0.03386   0.04271        10       640    0.5062    0.7637     0.598    0.5916  0.002799   0.01274   0.03819
   275/299     1.73G  0.001979  0.006897   0.03465   0.04353        22       640    0.5107     0.756    0.5975    0.5911  0.002794   0.01272    0.0382
   276/299     1.73G  0.002017  0.006935   0.03485    0.0438        13       640    0.5117    0.7548    0.5976    0.5912  0.002793   0.01272   0.03819
   277/299     1.73G  0.001959  0.006811   0.03393    0.0427        16       640    0.5086    0.7589    0.5981    0.5917  0.002793   0.01271   0.03819
   278/299     1.73G  0.001948   0.00682   0.03417   0.04294        16       640    0.5081    0.7621     0.598    0.5915  0.002789   0.01271    0.0382
   279/299     1.73G  0.001947  0.006812   0.03403   0.04279        13       640     0.512    0.7545    0.5982    0.5917  0.002787   0.01272    0.0382
   280/299     1.73G  0.001987  0.006835    0.0341   0.04292        14       640    0.5085    0.7607    0.5991    0.5926  0.002786   0.01271   0.03821
   281/299     1.73G  0.001992  0.006897   0.03417   0.04306        14       640    0.5098    0.7586    0.5987    0.5921  0.002788   0.01269    0.0382
   282/299     1.73G  0.002016  0.006882   0.03416   0.04305        16       640    0.5094    0.7595    0.5995    0.5928  0.002782   0.01268    0.0382
   283/299     1.73G  0.002001  0.006856    0.0336   0.04246        16       640    0.5082    0.7615    0.5989    0.5921  0.002789   0.01268   0.03821
   284/299     1.73G   0.00202  0.006726   0.03377   0.04252        13       640    0.5122    0.7523    0.5991    0.5924   0.00279   0.01268    0.0382
   285/299     1.73G  0.001963  0.006796   0.03441   0.04317        16       640    0.5052    0.7642     0.599    0.5922  0.002792   0.01267   0.03821
   286/299     1.73G  0.001983  0.006894   0.03363   0.04251        11       640    0.5059    0.7644    0.5992    0.5925  0.002793   0.01266   0.03822
   287/299     1.73G  0.001918  0.006602   0.03361   0.04213        12       640    0.5097    0.7534     0.599    0.5923  0.002794   0.01265   0.03823
   288/299     1.73G  0.001999  0.006874   0.03376   0.04264        15       640    0.5079    0.7581    0.5993    0.5926  0.002796   0.01264   0.03823
   289/299     1.73G  0.001996  0.006792     0.034   0.04279        15       640    0.5168    0.7393    0.5994    0.5928  0.002799   0.01264   0.03823
   290/299     1.73G   0.00197  0.006752   0.03385   0.04257        17       640    0.4963    0.7832    0.5995     0.593  0.002803   0.01262   0.03823
   291/299     1.73G     0.002  0.006745   0.03414   0.04289        24       640    0.5149    0.7414    0.5995    0.5928  0.002804   0.01263   0.03823
   292/299     1.73G  0.002012   0.00684   0.03388   0.04273        10       640    0.5007    0.7717    0.5989    0.5923  0.002803   0.01262   0.03825
   293/299     1.73G  0.001961  0.006792   0.03349   0.04224        11       640    0.5116     0.749    0.5987     0.592  0.002799   0.01262   0.03825
   294/299     1.73G  0.001989  0.006813   0.03402   0.04282        14       640    0.5121     0.749    0.5993    0.5927  0.002799   0.01261   0.03825
   295/299     1.73G  0.002019  0.006852   0.03302    0.0419        17       640    0.5119    0.7473    0.5994    0.5926  0.002805   0.01262   0.03826
   296/299     1.73G     0.002  0.006737   0.03312   0.04186        13       640    0.5109    0.7487    0.5994    0.5927  0.002807   0.01262   0.03827
   297/299     1.73G  0.001957   0.00685   0.03358   0.04239        16       640    0.5145    0.7405    0.5996    0.5928   0.00281   0.01262   0.03827
   298/299     1.73G  0.002015  0.006937    0.0333   0.04226        11       640    0.4966    0.7807    0.5997     0.593  0.002808   0.01262   0.03827
   299/299     1.73G  0.001991  0.006825   0.03316   0.04198        16       640    0.4884    0.8015    0.6003    0.5936   0.00281   0.01261   0.03827
