      0/99    0.596G   0.05083   0.03473    0.1345    0.2201        21       640    0.1231    0.5599    0.1132   0.07473   0.02573   0.03113    0.1246
      1/99     6.74G   0.02305   0.03532    0.1229    0.1813        13       640    0.2037    0.5901    0.2286     0.172   0.01872   0.02562    0.1187
      2/99     8.54G   0.02813   0.02524    0.1142    0.1676        21       640    0.2263     0.404    0.2328    0.1148   0.02061   0.02216    0.1123
      3/99     8.54G   0.03097     0.021    0.1089    0.1609        15       640    0.3333     0.811     0.382    0.2504   0.02271   0.01727    0.1036
      4/99     8.56G   0.02525   0.01739     0.108    0.1507        15       640     0.344     0.789    0.3932    0.3092    0.0198   0.01304    0.1031
      5/99     8.56G   0.01978   0.01397    0.1081    0.1419        12       640    0.3406    0.7063    0.3767    0.3204   0.01457   0.01151    0.1089
      6/99     8.56G   0.01572   0.01141    0.1064    0.1335        20       640    0.3167    0.8448    0.4314    0.3843  0.009277   0.01084    0.1048
      7/99     8.56G   0.01347   0.01017    0.1035    0.1271        16       640    0.3735    0.7582    0.4447    0.3918  0.008866   0.01088   0.09985
      8/99     8.56G   0.01218  0.009303    0.1024    0.1239        15       640    0.3896    0.7985    0.4734    0.4373  0.007044   0.01136   0.09754
      9/99     8.56G   0.01123  0.009063    0.1006    0.1209        17       640    0.3729    0.8093    0.4619    0.4171  0.006795   0.01029   0.09941
     10/99     8.56G   0.01054   0.00858   0.09979    0.1189        13       640    0.4172    0.7432    0.4948    0.4675   0.00574  0.009452   0.09434
     11/99     8.56G  0.009962  0.008157   0.09885     0.117        13       640    0.4212    0.7242    0.5002    0.4719  0.006271  0.009597   0.09507
     12/99     8.56G  0.009429  0.008032   0.09821    0.1157        16       640    0.4152    0.7668    0.5169    0.4779  0.005936  0.008929   0.09198
     13/99     8.56G  0.008618  0.007662   0.09724    0.1135        21       640     0.415     0.692    0.4978    0.4731  0.005845   0.01074   0.09728
     14/99     8.56G  0.008661  0.007785   0.09689    0.1133        18       640    0.4237    0.7411    0.5097    0.4909  0.005366  0.007987   0.09164
     15/99     8.56G  0.007919  0.007233   0.09553    0.1107        13       640    0.4512    0.7597    0.5279     0.508  0.004412  0.007922   0.08999
     16/99     8.56G  0.008002  0.007412   0.09464    0.1101        12       640    0.4515    0.7135    0.5223     0.487  0.006588   0.01125   0.09065
     17/99     8.56G  0.007898  0.007278   0.09454    0.1097        19       640    0.4682    0.7414    0.5485    0.5263  0.004826  0.008347   0.08868
     18/99     8.56G  0.007433   0.00719   0.09403    0.1087        21       640    0.4329    0.7803    0.5309    0.5175  0.004464  0.007585   0.09045
     19/99     8.56G  0.007106  0.007061   0.09435    0.1085        19       640     0.442    0.7314    0.5237    0.5103  0.004169  0.008432   0.09262
     20/99     8.56G  0.007029  0.007018   0.09329    0.1073        19       640    0.4515    0.7993    0.5525    0.5312  0.004532  0.007678   0.08814
     21/99     8.56G  0.006904  0.006757    0.0932    0.1069        16       640    0.4367    0.8157    0.5318    0.5142  0.004456  0.008229   0.09142
     22/99     8.56G  0.006646   0.00687   0.09286    0.1064        25       640     0.446    0.7445    0.5194    0.5021  0.004284  0.008417    0.0962
     23/99     8.56G  0.006699   0.00669   0.09165     0.105        12       640    0.4513    0.8009    0.5609    0.5482  0.004129  0.008857   0.08633
     24/99     8.56G  0.006253  0.006733   0.09185    0.1048        14       640     0.468    0.7415    0.5575    0.5437  0.004141  0.008437   0.08863
     25/99     8.56G  0.006392   0.00667   0.09036    0.1034        15       640    0.4755    0.7534    0.5515    0.5398  0.003873  0.007926   0.08803
     26/99     8.56G   0.00602  0.006503   0.09101    0.1035        12       640    0.4613    0.7919    0.5564    0.5425  0.004142  0.007027   0.08681
     27/99     8.56G  0.005801    0.0064   0.09122    0.1034        18       640    0.4836    0.7571    0.5634    0.5467  0.004164  0.007666    0.0863
     28/99     8.56G  0.005745  0.006369   0.09012    0.1022        19       640    0.4574    0.7912    0.5738    0.5633   0.00382  0.007514   0.08529
     29/99     8.56G  0.005918  0.006372   0.08907    0.1014        17       640    0.5059    0.7338     0.578    0.5537  0.003846   0.00726   0.08429
     30/99     8.56G  0.005697  0.006333    0.0894    0.1014        14       640    0.5098    0.7595     0.581    0.5702  0.003741  0.007335   0.08379
     31/99     8.56G  0.005518  0.006279   0.08795   0.09975        19       640    0.4924    0.7408    0.5729    0.5608  0.003683  0.007546   0.08624
     32/99     8.56G  0.005342  0.006147    0.0881   0.09959        25       640    0.4749    0.7679    0.5786     0.569  0.003587  0.007292   0.08451
     33/99     8.56G  0.005258  0.006104   0.08651   0.09787        21       640    0.5046    0.7534    0.5801    0.5672  0.003826  0.007667   0.08503
     34/99     8.56G  0.005324   0.00622   0.08811   0.09965        22       640    0.5077    0.7741    0.5926    0.5776  0.003615  0.007549   0.08252
     35/99     8.56G  0.005042  0.006078   0.08619   0.09731        19       640    0.5194    0.7216     0.595    0.5818  0.003478  0.007583   0.08373
     36/99     8.56G  0.004837  0.006074   0.08666   0.09757        15       640    0.4874    0.7919    0.5839    0.5743  0.003569  0.006814   0.08383
     37/99     8.56G  0.004847  0.005922   0.08596   0.09673        17       640    0.5039    0.7802    0.6008    0.5898  0.003853  0.006957   0.08266
     38/99     8.56G  0.004939  0.005937    0.0858   0.09667        23       640    0.5236    0.7215    0.5986    0.5894  0.003535  0.008301   0.08273
     39/99     8.56G  0.004675  0.005935   0.08581   0.09642        12       640    0.4961    0.7655    0.5775    0.5672  0.003515  0.006966   0.08531
     40/99     8.56G  0.004863  0.006037    0.0846    0.0955        18       640    0.5142    0.7689    0.6078     0.596  0.003563  0.007267   0.08206
     41/99     8.56G  0.004653  0.005937   0.08469   0.09528        13       640    0.5008    0.7679    0.5902    0.5785  0.003551  0.007255   0.08327
     42/99     8.56G  0.004432  0.005761   0.08441   0.09461        16       640    0.4955    0.7648    0.5917    0.5825  0.003303  0.007399   0.08342
     43/99     8.56G  0.004457  0.005791   0.08319   0.09343        16       640    0.5081    0.7639    0.6042    0.5956  0.003447  0.007104   0.08143
     44/99     8.56G  0.004377   0.00566   0.08308   0.09312        12       640    0.5201     0.713    0.5976    0.5875  0.003317  0.006681   0.08246
     45/99     8.56G  0.004284  0.005734   0.08342   0.09343        18       640    0.5432    0.7219    0.6099       0.6  0.003261  0.006413   0.08141
     46/99     8.56G  0.004259  0.005707   0.08194   0.09191        18       640    0.5379    0.7135    0.5926    0.5835  0.003068  0.006762   0.08297
     47/99     8.56G  0.004091  0.005761   0.08162   0.09148        15       640     0.525    0.7163    0.5954    0.5867  0.003129  0.006865   0.08182
     48/99     8.56G  0.004078  0.005564   0.08163   0.09128        18       640    0.5144    0.7866    0.6103     0.601  0.003258  0.006902   0.08295
     49/99     8.56G  0.003951  0.005511   0.08075   0.09022        17       640    0.5001    0.7879    0.6005    0.5923  0.003081   0.00707   0.08241
     50/99     8.56G  0.004028  0.005596   0.08096   0.09059        14       640    0.5336    0.7103    0.6036    0.5938  0.003242  0.006924   0.08174
     51/99     8.56G  0.003816  0.005567   0.08083   0.09021        12       640    0.5225    0.7352    0.6168    0.6075  0.003189  0.007185   0.08083
     52/99     8.56G  0.003912  0.005483   0.08031    0.0897        21       640    0.5029    0.7534     0.597    0.5865  0.003451   0.00733    0.0814
     53/99     8.56G  0.003751  0.005359   0.07951   0.08862        12       640    0.5334     0.706    0.6085    0.5993  0.003179  0.006992   0.08123
     54/99     8.56G  0.003623  0.005362   0.07863   0.08762        17       640     0.529    0.7559    0.6193    0.6104  0.002964  0.006774   0.07955
     55/99     8.56G   0.00366  0.005377   0.07865   0.08768        14       640    0.5317     0.746    0.6157    0.6068  0.003097  0.006985   0.08131
     56/99     8.56G  0.003569  0.005204   0.07885   0.08762        12       640    0.5294    0.7263    0.6121    0.6042  0.002866  0.006515   0.08169
     57/99     8.56G  0.003452  0.005287   0.07746    0.0862        21       640    0.5614    0.6865    0.6199    0.6111  0.002966  0.006886   0.08064
     58/99     8.56G  0.003428  0.005328   0.07783   0.08658        16       640     0.533    0.7213    0.6155    0.6074  0.002901  0.006652   0.08173
     59/99     8.56G  0.003288  0.005142   0.07685   0.08528        15       640    0.5063    0.7723    0.6148    0.6063  0.002902  0.006426   0.08202
     60/99     8.56G   0.00331  0.005285   0.07701   0.08561        16       640    0.5065    0.7545    0.6032    0.5945  0.002958  0.006621   0.08369
     61/99     8.56G  0.003212  0.005114   0.07553   0.08386        15       640    0.5181    0.7594    0.6185    0.6093  0.002855  0.006484   0.08242
     62/99     8.56G  0.003125  0.005036    0.0755   0.08366        15       640    0.5446    0.7149    0.6138    0.6055  0.002916  0.006363   0.08349
     63/99     8.56G  0.003104  0.005096   0.07507   0.08327        16       640     0.487    0.7937    0.6115    0.6039  0.002876  0.006033   0.08352
     64/99     8.56G  0.003001  0.005129    0.0757   0.08383        13       640     0.554    0.7416    0.6197    0.6111  0.002932  0.006502   0.08251
     65/99     8.56G  0.002944  0.004886   0.07497    0.0828        15       640    0.5421    0.7275    0.6177    0.6088  0.002876  0.006519   0.08241
     66/99     8.56G  0.002904  0.004988   0.07316   0.08105        15       640     0.525    0.7637    0.6231    0.6138  0.002788  0.006401   0.08098
     67/99     8.56G  0.002862  0.004979   0.07402   0.08186        12       640    0.5276     0.788    0.6183    0.6095  0.002775  0.006403   0.08365
     68/99     8.56G  0.002794   0.00505   0.07343   0.08127        18       640    0.5285    0.7678    0.6171    0.6083  0.002761  0.006281    0.0839
     69/99     8.56G  0.002817  0.004953   0.07131   0.07908        17       640    0.5137    0.7353    0.6091    0.6007  0.002822  0.006276   0.08732
     70/99     8.56G  0.002647   0.00484   0.07267   0.08016        15       640    0.5129    0.7664    0.6085    0.6008  0.002644    0.0062   0.08365
     71/99     8.56G  0.002644  0.004991   0.07197    0.0796        18       640    0.4965    0.7963    0.6104    0.6025  0.002613  0.006194   0.08384
     72/99     8.56G  0.002638  0.004722   0.06961   0.07697        18       640    0.5333    0.7502    0.6182    0.6104  0.002749    0.0064   0.08412
     73/99     8.56G  0.002643  0.004826   0.06844   0.07591        15       640    0.5157    0.7717    0.6064    0.5985  0.002782  0.006722   0.08609
     74/99     8.56G  0.002617  0.004839   0.06782   0.07528        14       640    0.5188    0.7766    0.6107    0.6035  0.002519  0.006174   0.08565
     75/99     8.56G  0.002546  0.004728   0.06843   0.07571        15       640    0.5419    0.7454     0.615    0.6072  0.002661   0.00651   0.08572
     76/99     8.56G  0.002511  0.004917   0.06827    0.0757        15       640    0.5226    0.7596     0.607    0.5993  0.002664  0.006207   0.08764
     77/99     8.56G  0.002521  0.004765   0.06765   0.07494        18       640    0.5472    0.7198    0.6128    0.6039  0.002662  0.006195   0.08724
     78/99     8.56G  0.002482  0.004856    0.0687   0.07604        21       640    0.5414    0.7303    0.6081    0.6003   0.00264  0.006176   0.08792
     79/99     8.56G  0.002368  0.004667   0.06579   0.07283        12       640    0.5385    0.7466     0.614    0.6063  0.002523  0.006028   0.08959
     80/99     8.56G  0.002332  0.004608   0.06562   0.07256        15       640    0.5305     0.747    0.6061    0.5985  0.002643  0.006318   0.08855
     81/99     8.56G   0.00236  0.004741   0.06489   0.07199        12       640     0.543    0.7211    0.6095    0.6016  0.002569  0.006458   0.08824
     82/99     8.56G  0.002359  0.004812   0.06395   0.07112        18       640    0.5298    0.7346    0.6064    0.5991  0.002565  0.006402   0.08921
     83/99     8.56G   0.00227  0.004564   0.06519   0.07202        13       640     0.548    0.7146    0.6098    0.6023  0.002602    0.0064   0.08791
     84/99     8.56G  0.002351   0.00466   0.06284   0.06985        15       640    0.5735     0.681    0.6183    0.6106  0.002658  0.006611   0.09009
     85/99     8.56G  0.002313   0.00476   0.06265   0.06973        18       640    0.5376    0.7474    0.6124    0.6039  0.002634   0.00652   0.09084
     86/99     8.56G  0.002251  0.004605   0.06236   0.06921        15       640    0.5144    0.7656    0.6055    0.5966  0.002658  0.006477   0.09281
     87/99     8.56G  0.002253  0.004629   0.06304   0.06992        15       640     0.542    0.7151    0.6054    0.5973  0.002624  0.006527   0.09294
     88/99     8.56G  0.002229  0.004517   0.06103   0.06777        18       640    0.5542    0.6917    0.6017    0.5937  0.002571   0.00625   0.09384
     89/99     8.56G  0.002227  0.004476    0.0592   0.06591        18       640    0.5238    0.7406    0.6011    0.5937  0.002576  0.006295   0.09623
     90/99     8.56G    0.0022  0.004583   0.06004   0.06682        12       640    0.5333    0.7202    0.5968    0.5889  0.002644  0.006202     0.097
     91/99     8.56G  0.002221   0.00458   0.05788   0.06468        18       640    0.5079    0.7601     0.596    0.5883  0.002634  0.006238   0.09844
     92/99     8.56G  0.002209  0.004537   0.05843   0.06517        15       640    0.5203    0.7487    0.5952     0.587  0.002632  0.006217   0.09895
     93/99     8.56G  0.002186  0.004515   0.05791   0.06461        15       640     0.525    0.7293    0.5953    0.5874  0.002633  0.006257   0.09898
     94/99     8.56G  0.002182  0.004577   0.05835   0.06511        21       640    0.5244    0.7264    0.5899    0.5822  0.002586  0.006154   0.09973
     95/99     8.56G  0.002171  0.004564   0.05806    0.0648        24       640     0.525    0.7195    0.5916    0.5839   0.00256  0.006196   0.09886
     96/99     8.56G  0.002191  0.004508   0.05678   0.06348        12       640    0.5179    0.7428    0.5932    0.5859  0.002585  0.006476   0.09949
     97/99     8.56G  0.002198  0.004566   0.05577   0.06254        16       640     0.548    0.7092    0.5951    0.5878  0.002533  0.006308    0.1005
     98/99     8.56G  0.002176  0.004542   0.05772   0.06444        16       640    0.5263    0.7358    0.5935     0.586  0.002554  0.006291    0.1007
     99/99     8.56G  0.002175  0.004561   0.05512   0.06186        29       640    0.5175    0.7613    0.5943    0.5868  0.002557  0.006255    0.1019
