     0/999    0.505G   0.01199   0.01454   0.01594   0.04247        12       640     0.027   0.07853   0.04049  0.008093   0.01086  0.009058   0.01624
     1/999     4.66G  0.008774   0.01128   0.01572   0.03578        12       640   0.01368    0.3817   0.01738  0.003368   0.01078  0.008227    0.0162
     2/999     5.12G  0.008286   0.01079   0.01568   0.03476        12       640  0.009964    0.5796   0.01222  0.002175   0.01046  0.007844   0.01627
     3/999     5.13G  0.008024   0.01058   0.01567   0.03428        12       640   0.01389     0.378   0.01929  0.003897   0.01017  0.007589   0.01624
     4/999     5.13G  0.007828   0.01044   0.01565   0.03393        12       640   0.02989     0.356   0.03889  0.009473   0.01007  0.007484   0.01621
     5/999     5.13G  0.007714   0.01026   0.01565   0.03363        12       640   0.02913    0.9843    0.0774   0.02363   0.01013  0.007467   0.01617
     6/999     5.13G  0.007669  0.009802   0.01565   0.03312        12       640   0.07795    0.4466   0.08329   0.02909   0.01004  0.007267   0.01622
     7/999     5.13G  0.007633  0.009398   0.01566   0.03269        12       640   0.06298    0.3435   0.06104   0.02225   0.01005  0.007088    0.0162
     8/999     5.13G  0.007556  0.009127   0.01564   0.03233        12       640   0.08832    0.3492   0.07892   0.03028  0.009973  0.006814   0.01618
     9/999     5.13G   0.00749  0.008865   0.01564     0.032        12       640   0.08857    0.4257   0.08456   0.03694  0.009975  0.006502   0.01618
    10/999     5.13G  0.007324  0.008484   0.01564   0.03144        12       640     0.135    0.3576    0.1206   0.05941  0.009517  0.006328   0.01622
    11/999     5.13G  0.005995  0.008091   0.01565   0.02973        12       640    0.1604    0.3974    0.1431   0.08955  0.007111  0.006202   0.01618
    12/999     5.13G  0.004965  0.007313   0.01565   0.02793        12       640    0.1785    0.6115    0.1832    0.1173  0.006418  0.005489   0.01614
    13/999     5.13G  0.004506  0.006268   0.01565   0.02642        12       640     0.188    0.7598    0.2021    0.1406  0.005822  0.005031   0.01615
    14/999     5.13G  0.004215  0.005504   0.01563   0.02535        12       640    0.1926    0.8341    0.2075    0.1573  0.005335  0.004722   0.01615
    15/999     5.13G  0.003813  0.004652   0.01564   0.02411        12       640    0.1966     0.717    0.2012    0.1671  0.004954  0.004825   0.01616
    16/999     5.13G  0.003264  0.003849   0.01564   0.02275        12       640    0.1946    0.9141    0.2099    0.1876  0.005023  0.004538   0.01613
    17/999     5.13G  0.002621   0.00335   0.01562   0.02159        12       640    0.1976     0.977    0.2177    0.1981  0.004656  0.004286   0.01617
    18/999     5.13G  0.002286  0.002974   0.01561   0.02087        12       640    0.1998    0.9729    0.2201    0.2031  0.004559  0.003798   0.01614
    19/999     5.13G  0.002041  0.002667   0.01561   0.02032        12       640    0.2002    0.9876     0.225    0.2156  0.004159  0.003655   0.01612
    20/999     5.13G  0.001932  0.002392   0.01559   0.01992        12       640    0.2001    0.9926    0.2248    0.2167  0.004194  0.003571   0.01613
    21/999     5.13G  0.001799  0.002163   0.01559   0.01955        12       640    0.2015    0.9633    0.2225    0.2109  0.004256  0.003382   0.01612
    22/999     5.13G  0.001679  0.002006   0.01558   0.01926        12       640    0.2003     0.993    0.2268    0.2181  0.003961  0.003306   0.01612
    23/999     5.13G  0.001623  0.001905   0.01558    0.0191        12       640    0.2082    0.8431     0.231    0.2212  0.003951  0.003407    0.0161
    24/999     5.13G  0.001536  0.001825   0.01556   0.01892        12       640    0.2056    0.9024    0.2338    0.2244  0.004109  0.003384   0.01611
    25/999     5.13G  0.001449  0.001757   0.01554   0.01875        12       640    0.2057    0.9358    0.2336    0.2272  0.003925  0.003475    0.0161
    26/999     5.13G  0.001484   0.00171   0.01552   0.01871        12       640     0.207    0.9277    0.2411    0.2315  0.004045  0.003409   0.01608
    27/999     5.13G  0.001408  0.001662    0.0155   0.01857        12       640     0.208    0.9174    0.2451     0.235     0.004  0.003552   0.01606
    28/999     5.13G  0.001371  0.001638   0.01547   0.01848        12       640    0.2115    0.8831     0.247    0.2389  0.003862   0.00359   0.01606
    29/999     5.13G  0.001299  0.001599   0.01546   0.01836        12       640    0.2093    0.9257      0.25    0.2424  0.003904  0.003577   0.01604
    30/999     5.13G  0.001272  0.001548   0.01543   0.01825        12       640    0.2156     0.867    0.2548    0.2466  0.003964  0.003622   0.01603
    31/999     5.13G  0.001284  0.001542   0.01541   0.01824        12       640    0.2141    0.9082    0.2522    0.2419  0.003974  0.003744   0.01608
    32/999     5.13G  0.001277  0.001515   0.01536   0.01815        12       640    0.2168    0.8492    0.2569    0.2492  0.003883  0.003672   0.01602
    33/999     5.13G  0.001227  0.001497   0.01537    0.0181        12       640    0.2143    0.8717    0.2575    0.2498  0.003928  0.003643   0.01604
    34/999     5.13G  0.001223  0.001474   0.01534   0.01804        12       640    0.2144    0.8852    0.2628    0.2549  0.003917  0.003685   0.01601
    35/999     5.13G  0.001174  0.001442   0.01531   0.01793        12       640    0.2175    0.8327    0.2531    0.2443   0.00396  0.003764   0.01613
    36/999     5.13G  0.001184  0.001428   0.01529   0.01791        12       640    0.2153    0.8665    0.2578    0.2495  0.004008  0.003786   0.01608
    37/999     5.13G  0.001172  0.001413   0.01528   0.01786        12       640    0.2149    0.8613    0.2615    0.2546  0.003917   0.00364    0.0161
    38/999     5.13G  0.001128  0.001374   0.01524   0.01774        12       640    0.2169    0.8591    0.2631     0.255  0.003941  0.003786   0.01608
    39/999     5.13G  0.001146  0.001389   0.01522   0.01776        12       640    0.2182     0.856    0.2665    0.2586  0.003968  0.003811   0.01611
    40/999     5.13G  0.001085  0.001365   0.01521   0.01766        12       640    0.2137    0.9052    0.2663    0.2589  0.003995  0.003745   0.01619
    41/999     5.13G  0.001115  0.001356    0.0152   0.01767        12       640    0.2127    0.9183    0.2625     0.255  0.003923  0.003767   0.01624
    42/999     5.13G  0.001066  0.001337   0.01518   0.01759        12       640    0.2114    0.9279    0.2661    0.2578  0.003999  0.003822   0.01623
    43/999     5.13G   0.00105  0.001313   0.01514    0.0175        12       640    0.2157     0.884    0.2709     0.263  0.003949  0.003791   0.01628
    44/999     5.13G  0.001044   0.00128   0.01513   0.01745        12       640    0.2111    0.9304    0.2711    0.2636  0.003915  0.003801    0.0163
    45/999     5.13G  0.001038  0.001268   0.01511   0.01742        12       640    0.2137    0.9215     0.271    0.2616  0.003897   0.00394   0.01634
    46/999     5.13G  0.001023  0.001272    0.0151   0.01739        12       640    0.2196    0.8514    0.2679    0.2596  0.003908  0.003913   0.01626
    47/999     5.13G  0.001031   0.00126   0.01506   0.01735        12       640    0.2211    0.8361    0.2654    0.2579  0.003896  0.003988   0.01634
    48/999     5.13G  0.001063  0.001257   0.01502   0.01734        12       640    0.2134    0.9058    0.2737    0.2653  0.003982   0.00389   0.01641
    49/999     5.13G  0.001028  0.001234   0.01501   0.01727        12       640    0.2149    0.9118    0.2678    0.2591  0.003984  0.003889   0.01641
    50/999     5.13G  0.001014  0.001234   0.01503   0.01728        12       640    0.2145    0.9212    0.2714    0.2622  0.003999  0.004039   0.01634
    51/999     5.13G  0.001003  0.001221   0.01499   0.01721        12       640    0.2147     0.899    0.2651    0.2569  0.003982  0.004017   0.01653
    52/999     5.13G  0.001022  0.001217   0.01497   0.01721        12       640    0.2157    0.9084     0.276    0.2674  0.003937  0.003993   0.01633
    53/999     5.13G  0.001011  0.001196   0.01498   0.01719        12       640    0.2219    0.8445     0.267    0.2581  0.004044  0.004181   0.01639
    54/999     5.13G 0.0009979  0.001196   0.01494   0.01713        12       640    0.2138    0.9209    0.2756    0.2674  0.004022  0.004068    0.0164
    55/999     5.13G 0.0009907  0.001181   0.01494   0.01711        12       640    0.2216    0.8263    0.2663    0.2577  0.003986  0.004069   0.01654
    56/999     5.13G 0.0009645  0.001158   0.01492   0.01704        12       640    0.2151    0.9199    0.2713    0.2622  0.004032   0.00417    0.0164
    57/999     5.13G 0.0009534  0.001171   0.01484   0.01696        12       640    0.2264     0.803    0.2694    0.2597   0.00409  0.004049   0.01649
    58/999     5.13G  0.000969  0.001163   0.01486   0.01699        12       640    0.2177    0.8861    0.2734    0.2642  0.004031  0.004013   0.01652
    59/999     5.13G 0.0009385  0.001148   0.01486   0.01694        12       640    0.2185    0.8766    0.2683     0.259  0.004104  0.004178   0.01643
    60/999     5.13G 0.0009749  0.001144   0.01483   0.01695        12       640    0.2139    0.9171    0.2674    0.2594  0.004024   0.00402   0.01651
    61/999     5.13G 0.0009347  0.001116   0.01484   0.01689        12       640    0.2159      0.92    0.2685    0.2596  0.004085  0.004254   0.01648
    62/999     5.13G 0.0009548  0.001133   0.01482   0.01691        12       640     0.219    0.8932     0.269    0.2614  0.004014  0.004086   0.01652
    63/999     5.13G 0.0009509  0.001116   0.01479   0.01686        12       640    0.2169    0.8902     0.267    0.2585  0.004176  0.004323   0.01647
    64/999     5.13G 0.0009506  0.001122   0.01479   0.01686        12       640    0.2187    0.9029    0.2629    0.2548  0.004054  0.004286   0.01657
    65/999     5.13G 0.0009096  0.001112   0.01478    0.0168        12       640    0.2188    0.9041     0.264    0.2555  0.004084  0.004298    0.0165
    66/999     5.13G 0.0009387  0.001107   0.01475   0.01679        12       640    0.2176    0.8969    0.2595    0.2509  0.004099  0.004245   0.01658
    67/999     5.13G  0.000919   0.00111   0.01474   0.01677        12       640    0.2174    0.9249    0.2713    0.2622  0.004068   0.00417    0.0165
    68/999     5.13G 0.0009208  0.001095    0.0147   0.01671        12       640    0.2144    0.9313     0.262    0.2534  0.004162  0.004312   0.01651
    69/999     5.13G 0.0009054  0.001082    0.0147   0.01669        12       640    0.2218    0.8621    0.2692    0.2602  0.004058  0.004188   0.01651
    70/999     5.13G 0.0009139   0.00109   0.01473   0.01673        12       640    0.2211    0.8529    0.2744    0.2656  0.004083  0.004198   0.01652
    71/999     5.13G 0.0009073   0.00109   0.01468   0.01668        12       640    0.2187    0.8724    0.2702    0.2614  0.004106  0.004204   0.01661
    72/999     5.13G 0.0009078  0.001073   0.01466   0.01664        12       640    0.2162    0.9037    0.2797    0.2704  0.004077   0.00418   0.01641
    73/999     5.13G 0.0008937  0.001073   0.01464    0.0166        12       640    0.2158    0.9094    0.2795    0.2704  0.004009  0.004225   0.01652
    74/999     5.13G 0.0008937  0.001083   0.01466   0.01664        12       640    0.2156    0.8912    0.2718    0.2632  0.004066  0.004209   0.01657
    75/999     5.13G 0.0008973  0.001052   0.01461   0.01656        12       640    0.2157    0.9141     0.271    0.2609  0.004096  0.004246   0.01661
    76/999     5.13G 0.0009082  0.001064    0.0146   0.01657        12       640    0.2219    0.8509    0.2806    0.2706   0.00408  0.004252   0.01654
    77/999     5.13G  0.000891   0.00105   0.01455   0.01649        12       640    0.2278    0.7749    0.2739    0.2649  0.004122  0.004241   0.01658
    78/999     5.13G  0.000894  0.001055   0.01453   0.01648        12       640    0.2222    0.8389    0.2817    0.2725  0.004095  0.004229    0.0165
    79/999     5.13G 0.0008996  0.001056   0.01454   0.01649        12       640    0.2321    0.7628    0.2842    0.2751   0.00412  0.004249   0.01655
    80/999     5.13G 0.0008816  0.001048   0.01451   0.01644        12       640    0.2372    0.7487    0.2776    0.2688  0.004229  0.004267   0.01649
    81/999     5.13G 0.0008804  0.001047   0.01451   0.01644        12       640    0.2258    0.8186    0.2807    0.2711  0.004153  0.004318   0.01641
    82/999     5.13G 0.0008804  0.001039   0.01447   0.01639        12       640    0.2321    0.7979    0.2848    0.2752   0.00415  0.004246   0.01643
    83/999     5.13G  0.000889  0.001045   0.01445   0.01638        12       640    0.2432    0.7461    0.2912    0.2811  0.004138   0.00436   0.01643
    84/999     5.13G 0.0008731  0.001022   0.01444   0.01633        12       640    0.2331    0.8058    0.2911    0.2815  0.004167  0.004274   0.01632
    85/999     5.13G 0.0008918  0.001032   0.01441   0.01633        12       640    0.2373    0.7865    0.2883    0.2786  0.004224  0.004299   0.01633
    86/999     5.13G 0.0008643  0.001023   0.01438   0.01627        12       640    0.2326    0.8281    0.2926    0.2822  0.004261  0.004275   0.01634
    87/999     5.13G 0.0008767  0.001021   0.01429   0.01618        12       640    0.2428    0.7707    0.2958    0.2859  0.004213   0.00434   0.01629
    88/999     5.13G 0.0008743  0.001024   0.01433   0.01622        12       640    0.2406    0.7968     0.298    0.2875  0.004213  0.004185    0.0163
    89/999     5.13G 0.0008604  0.001034   0.01427   0.01617        12       640    0.2515    0.7372    0.2989    0.2873  0.004257  0.004306   0.01623
    90/999     5.13G 0.0008578  0.001022   0.01429   0.01617        12       640    0.2408    0.8173    0.3059    0.2946  0.004222  0.004298   0.01618
    91/999     5.13G 0.0008818  0.001018   0.01421   0.01611        12       640    0.2443    0.7885    0.3067    0.2958  0.004247  0.004288   0.01609
    92/999     5.13G 0.0008645  0.001026    0.0142   0.01609        12       640    0.2458    0.7932    0.3067     0.296  0.004251  0.004294   0.01608
    93/999     5.13G 0.0008697  0.001025   0.01417   0.01606        12       640    0.2587    0.7512    0.3126    0.3013   0.00425  0.004366   0.01601
    94/999     5.13G 0.0008569  0.001014   0.01415   0.01602        12       640    0.2587    0.7707    0.3178    0.3061  0.004218  0.004352     0.016
    95/999     5.13G 0.0008767  0.001006   0.01404   0.01592        12       640    0.2671    0.7346    0.3241    0.3134   0.00424  0.004307   0.01598
    96/999     5.13G  0.000882   0.00101   0.01407   0.01597        12       640    0.2615     0.744    0.3228    0.3117  0.004239  0.004236     0.016
    97/999     5.13G 0.0008754 0.0009966   0.01403    0.0159        12       640    0.2687    0.7256    0.3241    0.3121  0.004225  0.004351   0.01598
    98/999     5.13G 0.0008826  0.001005     0.014   0.01588        12       640    0.2541    0.8058    0.3246    0.3124  0.004199  0.004364   0.01602
    99/999     5.13G 0.0008822  0.001012   0.01394   0.01584        12       640    0.2611    0.7686    0.3252    0.3134  0.004189   0.00439   0.01606
   100/999     5.13G 0.0008677 0.0009967   0.01392   0.01578        12       640    0.2644    0.7573    0.3219    0.3102  0.004155  0.004366   0.01592
   101/999     5.13G 0.0008773  0.001002   0.01391   0.01579        12       640    0.2691    0.7209    0.3226    0.3101  0.004183  0.004401   0.01589
   102/999     5.13G 0.0008715  0.001005   0.01376   0.01563        12       640    0.2673    0.7465    0.3272    0.3137  0.004209  0.004423   0.01583
   103/999     5.13G  0.000881 0.0009926   0.01381   0.01568        12       640    0.2585     0.789    0.3306     0.317  0.004227    0.0044   0.01584
   104/999     5.13G 0.0008888  0.001019   0.01373   0.01563        12       640    0.2699    0.7301    0.3332    0.3185  0.004251  0.004341   0.01583
   105/999     5.13G 0.0008568 0.0009869   0.01376    0.0156        12       640    0.2895    0.6665    0.3359    0.3209  0.004269  0.004389   0.01582
   106/999     5.13G 0.0008568 0.0009918   0.01372   0.01557        12       640    0.2602    0.7886      0.33     0.316  0.004278   0.00437   0.01585
   107/999     5.13G 0.0008621 0.0009913   0.01368   0.01553        12       640    0.2624    0.7817    0.3341      0.32  0.004297  0.004412   0.01588
   108/999     5.13G 0.0008781 0.0009775   0.01364   0.01549        12       640    0.2727    0.7575    0.3385    0.3234  0.004295  0.004461   0.01581
   109/999     5.13G 0.0008767 0.0009964   0.01362   0.01549        12       640    0.2738    0.7824    0.3422    0.3267  0.004276  0.004459   0.01581
   110/999     5.13G 0.0008435 0.0009844    0.0136   0.01543        12       640    0.2751    0.7855    0.3427    0.3278  0.004248  0.004471   0.01578
   111/999     5.13G 0.0008688 0.0009849   0.01363   0.01548        12       640    0.2693    0.7875    0.3416    0.3272  0.004265  0.004439   0.01583
   112/999     5.13G 0.0008685 0.0009838   0.01366   0.01551        12       640    0.2725    0.7549    0.3401    0.3257  0.004283  0.004394   0.01591
   113/999     5.13G 0.0008528 0.0009756   0.01349   0.01532        12       640    0.2803    0.7342    0.3418    0.3285  0.004283  0.004435   0.01587
   114/999     5.13G 0.0008797 0.0009773   0.01355   0.01541        12       640    0.2656    0.8018    0.3401     0.327  0.004296  0.004398   0.01595
   115/999     5.13G 0.0008499 0.0009797    0.0135   0.01533        12       640    0.2651    0.8143    0.3396    0.3255  0.004274  0.004374   0.01596
   116/999     5.13G 0.0008626 0.0009811   0.01345    0.0153        12       640    0.2725    0.7717    0.3398    0.3254  0.004262  0.004386   0.01593
   117/999     5.13G 0.0008655 0.0009765   0.01341   0.01525        12       640    0.2863     0.706    0.3377    0.3231  0.004301  0.004403   0.01594
   118/999     5.13G 0.0008683 0.0009644   0.01342   0.01525        12       640    0.2958    0.6623    0.3359    0.3209  0.004311  0.004408   0.01604
   119/999     5.13G 0.0008603 0.0009571   0.01341   0.01523        12       640    0.2787    0.7263    0.3386    0.3232  0.004345  0.004394   0.01613
   120/999     5.13G 0.0008712 0.0009678   0.01326    0.0151        12       640    0.2656    0.7969    0.3412    0.3253  0.004316  0.004411   0.01615
   121/999     5.13G 0.0008702 0.0009702   0.01323   0.01507        12       640    0.2844    0.7298    0.3425    0.3258  0.004316  0.004412   0.01617
   122/999     5.13G 0.0008552 0.0009775   0.01337    0.0152        12       640    0.2887    0.7275    0.3461     0.329  0.004284  0.004412   0.01603
   123/999     5.13G 0.0008608 0.0009689   0.01328   0.01511        12       640    0.2988     0.689    0.3447    0.3271  0.004297  0.004428   0.01601
   124/999     5.13G 0.0008643 0.0009464   0.01315   0.01497        12       640    0.2845    0.7516     0.343    0.3254  0.004286  0.004457   0.01601
   125/999     5.13G 0.0008678 0.0009567   0.01319   0.01501        12       640    0.2851    0.7523    0.3442    0.3267  0.004282  0.004441   0.01596
   126/999     5.13G 0.0008723 0.0009369   0.01314   0.01495        12       640    0.2994    0.6988    0.3433     0.325  0.004267  0.004444   0.01601
   127/999     5.13G 0.0008563 0.0009483   0.01309    0.0149        12       640    0.2952    0.7177    0.3433    0.3245  0.004272  0.004471   0.01603
   128/999     5.13G 0.0008615 0.0009603    0.0131   0.01493        12       640    0.2823     0.766    0.3431    0.3243  0.004275  0.004522   0.01604
   129/999     5.13G 0.0008635 0.0009645   0.01301   0.01484        12       640    0.2975    0.7038    0.3458    0.3265  0.004274  0.004561   0.01603
   130/999     5.13G 0.0008574 0.0009537   0.01312   0.01493        12       640    0.2978    0.7093    0.3459    0.3265  0.004264   0.00453   0.01597
   131/999     5.13G 0.0008508 0.0009681   0.01299   0.01481        12       640    0.2802     0.778    0.3445    0.3243  0.004275  0.004573   0.01601
   132/999     5.13G 0.0008571 0.0009407     0.013    0.0148        12       640    0.2972    0.7079    0.3437    0.3241  0.004279  0.004621   0.01599
   133/999     5.13G 0.0008578 0.0009661   0.01295   0.01478        12       640    0.2978    0.7014     0.345    0.3251  0.004288   0.00463   0.01601
   134/999     5.13G 0.0008615 0.0009479   0.01293   0.01474        12       640    0.2972    0.7178    0.3448    0.3246  0.004306  0.004626   0.01602
   135/999     5.13G 0.0008627 0.0009451   0.01298   0.01478        12       640    0.2892    0.7411    0.3443    0.3239  0.004327  0.004608   0.01611
   136/999     5.13G 0.0008633 0.0009641    0.0128   0.01463        12       640    0.2954    0.7239    0.3451    0.3253  0.004342  0.004598   0.01611
   137/999     5.13G 0.0008623 0.0009501   0.01284   0.01465        12       640    0.2963    0.7083    0.3467    0.3272  0.004345  0.004581   0.01609
   138/999     5.13G 0.0008729 0.0009547   0.01273   0.01456        12       640    0.2975    0.7151    0.3467    0.3273  0.004353  0.004569   0.01615
   139/999     5.13G 0.0008714 0.0009478   0.01279   0.01461        12       640    0.2859    0.7487     0.347     0.327   0.00435  0.004603   0.01616
   140/999     5.13G 0.0008803 0.0009622   0.01272   0.01456        12       640    0.2905     0.723    0.3469    0.3267  0.004351  0.004571   0.01618
   141/999     5.13G  0.000875 0.0009488   0.01269   0.01451        12       640    0.2947    0.7079     0.347    0.3262  0.004358   0.00457   0.01619
   142/999     5.13G 0.0008754  0.000967   0.01274   0.01458        12       640    0.3025     0.684    0.3472    0.3258  0.004369  0.004599   0.01622
   143/999     5.13G 0.0008469 0.0009565   0.01265   0.01445        12       640    0.2911    0.7277    0.3483    0.3266  0.004377  0.004598   0.01627
   144/999     5.13G 0.0008761 0.0009481   0.01263   0.01446        12       640    0.3026    0.6896    0.3488    0.3278  0.004367   0.00459   0.01629
   145/999     5.13G 0.0008947 0.0009561   0.01256   0.01441        12       640    0.2997    0.6939    0.3477    0.3263  0.004364  0.004598   0.01631
   146/999     5.13G 0.0008684 0.0009517   0.01258    0.0144        12       640    0.2919    0.7149    0.3465    0.3253  0.004366  0.004596   0.01633
   147/999     5.13G 0.0008854 0.0009408   0.01252   0.01435        12       640    0.2899    0.7241    0.3463     0.325  0.004364  0.004589   0.01637
   148/999     5.13G 0.0008795 0.0009465   0.01255   0.01437        12       640     0.287     0.734     0.346    0.3249  0.004363  0.004562   0.01643
   149/999     5.13G 0.0008943 0.0009481   0.01244   0.01428        12       640    0.2836    0.7452    0.3461    0.3249  0.004371  0.004554   0.01644
   150/999     5.13G 0.0008746 0.0009422   0.01246   0.01428        12       640    0.2799    0.7592    0.3459    0.3248  0.004387  0.004541   0.01645
   151/999     5.13G 0.0008617  0.000944   0.01242   0.01422        12       640    0.3068    0.6644     0.345    0.3236  0.004399  0.004562    0.0165
   152/999     5.13G 0.0008623 0.0009404   0.01239   0.01419        12       640    0.3038    0.6722     0.345    0.3236  0.004404  0.004555   0.01652
   153/999     5.13G 0.0008711 0.0009254   0.01236   0.01416        12       640    0.3057    0.6691    0.3447    0.3229  0.004412  0.004575   0.01656
   154/999     5.13G 0.0008926 0.0009448   0.01227   0.01411        12       640    0.3097    0.6547    0.3444    0.3224  0.004425  0.004557   0.01659
   155/999     5.13G 0.0008996 0.0009572   0.01226   0.01411        12       640    0.2995    0.6871     0.343    0.3209  0.004431  0.004573   0.01665
   156/999     5.13G 0.0008895 0.0009327   0.01218     0.014        12       640    0.2899    0.7183    0.3427     0.321   0.00444   0.00459   0.01667
   157/999     5.13G 0.0008817 0.0009278   0.01216   0.01397        12       640    0.2827    0.7488    0.3419    0.3198  0.004454  0.004601   0.01673
   158/999     5.13G 0.0008862 0.0009422   0.01212   0.01395        12       640     0.283    0.7524    0.3413    0.3189  0.004466  0.004599   0.01677
   159/999     5.13G 0.0008868 0.0009336   0.01216   0.01398        12       640    0.2813    0.7532    0.3406    0.3183  0.004473  0.004593   0.01682
   160/999     5.13G 0.0008679  0.000924   0.01221     0.014        12       640    0.2818    0.7534      0.34    0.3173  0.004476  0.004601   0.01686
   161/999     5.13G 0.0008794 0.0009303   0.01214   0.01395        12       640    0.3006    0.6773    0.3401    0.3173  0.004477  0.004599   0.01686
   162/999     5.13G 0.0008763 0.0009355   0.01204   0.01385        12       640    0.2959    0.6974    0.3399    0.3169  0.004473  0.004622   0.01689
   163/999     5.13G 0.0008818 0.0009344   0.01205   0.01387        12       640    0.2812    0.7487    0.3395    0.3156  0.004477  0.004633   0.01691
   164/999     5.13G  0.000865 0.0009423   0.01199    0.0138        12       640    0.2856    0.7346    0.3396    0.3156  0.004478  0.004654   0.01695
   165/999     5.13G 0.0008787   0.00094   0.01189   0.01371        12       640    0.2794    0.7604    0.3384    0.3142  0.004483  0.004653   0.01698
   166/999     5.13G 0.0008846 0.0009233   0.01194   0.01375        12       640    0.2802    0.7626    0.3388    0.3142  0.004483  0.004654     0.017
   167/999     5.13G 0.0008804 0.0009465   0.01191   0.01374        12       640    0.2859    0.7407    0.3381     0.313  0.004487  0.004659   0.01705
   168/999     5.13G 0.0008855 0.0009378   0.01175   0.01358        12       640    0.2862    0.7376    0.3374    0.3116  0.004497  0.004673   0.01713
   169/999     5.13G 0.0008789 0.0009344   0.01189    0.0137        12       640    0.2905     0.721    0.3376    0.3116  0.004494  0.004677   0.01715
   170/999     5.13G 0.0008749 0.0009329   0.01179   0.01359        12       640    0.2871     0.733    0.3378    0.3114  0.004494  0.004677   0.01715
   171/999     5.13G 0.0008843 0.0009349   0.01168    0.0135        12       640    0.2912    0.7243    0.3383    0.3122    0.0045   0.00468   0.01717
   172/999     5.13G 0.0008851 0.0009146   0.01174   0.01354        12       640    0.2946    0.7157    0.3375    0.3109  0.004501  0.004697   0.01721
