      0/24    0.388G   0.07548   0.01904   0.02891    0.1234        29       640         0         0         0         0         0         0         0
      1/24     4.81G   0.06006    0.0199   0.02755    0.1075        38       640         0         0         0         0         0         0         0
      2/24     4.81G   0.04864   0.01974   0.02727   0.09565        34       640         0         0         0         0         0         0         0
      3/24     4.81G   0.03973   0.01718   0.02704   0.08395        37       640         0         0         0         0         0         0         0
      4/24     4.81G   0.03224   0.01373   0.02721   0.07318        41       640         0         0         0         0         0         0         0
      5/24     4.81G   0.02588   0.01083   0.02729   0.06401        23       640         0         0         0         0         0         0         0
      6/24     4.81G   0.02102  0.008817    0.0272   0.05704        32       640         0         0         0         0         0         0         0
      7/24     4.81G   0.01717  0.007794   0.02736   0.05232        35       640         0         0         0         0         0         0         0
      8/24     4.81G   0.01512  0.007043   0.02706   0.04922        32       640         0         0         0         0         0         0         0
      9/24     4.81G   0.01454  0.006791   0.02744   0.04877        33       640         0         0         0         0         0         0         0
     10/24     4.81G   0.01265  0.006353   0.02701   0.04601        29       640         0         0         0         0         0         0         0
     11/24     4.81G   0.01247  0.006012   0.02754   0.04603        32       640         0         0         0         0         0         0         0
     12/24     4.81G   0.01131  0.005806   0.02732   0.04444        33       640         0         0         0         0         0         0         0
     13/24     4.81G   0.01064  0.005378   0.02709   0.04311        37       640         0         0         0         0         0         0         0
     14/24     4.81G   0.01002  0.005357   0.02763   0.04301        33       640         0         0         0         0         0         0         0
     15/24     4.81G  0.009367  0.005207   0.02693    0.0415        29       640         0         0         0         0         0         0         0
     16/24     4.81G  0.008558  0.005016   0.02703   0.04061        26       640         0         0         0         0         0         0         0
     17/24     4.81G  0.007982  0.004658   0.02663   0.03927        37       640         0         0         0         0         0         0         0
     18/24     4.81G  0.007514  0.004692   0.02667   0.03887        39       640         0         0         0         0         0         0         0
     19/24     4.81G  0.007311  0.004611   0.02708     0.039        35       640         0         0         0         0         0         0         0
     20/24     4.81G  0.006967  0.004471   0.02704   0.03848        32       640         0         0         0         0         0         0         0
     21/24     4.81G   0.00679  0.004416   0.02714   0.03835        28       640         0         0         0         0         0         0         0
     22/24     4.81G  0.006383  0.004429   0.02719     0.038        30       640         0         0         0         0         0         0         0
     23/24     4.81G  0.006508  0.004224   0.02697    0.0377        31       640         0         0         0         0         0         0         0
     24/24     4.81G  0.006336  0.004298   0.02693   0.03757        34       640    0.1999    0.9995    0.2214    0.2183   0.00255  0.001781  0.009673
      0/24      4.8G   0.08374   0.01542   0.02605    0.1252        38       640         0         0         0         0         0         0         0
      1/24      4.8G   0.06434    0.0142   0.02561    0.1042        32       640         0         0         0         0         0         0         0
      2/24      4.8G   0.05518   0.01481   0.02488   0.09487        36       640         0         0         0         0         0         0         0
      3/24      4.8G   0.04412   0.01461   0.02441   0.08314        31       640         0         0         0         0         0         0         0
      4/24      4.8G   0.03731   0.01263   0.02441   0.07435        34       640         0         0         0         0         0         0         0
      5/24      4.8G   0.03091   0.01053   0.02411   0.06555        30       640         0         0         0         0         0         0         0
      6/24      4.8G   0.02531   0.00848   0.02398   0.05777        29       640         0         0         0         0         0         0         0
      7/24      4.8G   0.02193  0.007121   0.02386   0.05291        30       640         0         0         0         0         0         0         0
      8/24      4.8G   0.02061  0.006053   0.02428   0.05095        26       640         0         0         0         0         0         0         0
      9/24      4.8G    0.0196  0.005504   0.02441   0.04951        32       640         0         0         0         0         0         0         0
     10/24      4.8G   0.01783  0.005069   0.02415   0.04705        32       640         0         0         0         0         0         0         0
     11/24      4.8G   0.01664   0.00482   0.02399   0.04545        35       640         0         0         0         0         0         0         0
     12/24      4.8G   0.01651   0.00476   0.02456   0.04584        23       640         0         0         0         0         0         0         0
     13/24      4.8G   0.01496    0.0043   0.02432   0.04358        27       640         0         0         0         0         0         0         0
     14/24      4.8G   0.01401   0.00423   0.02385   0.04209        32       640         0         0         0         0         0         0         0
     15/24      4.8G   0.01392  0.004037   0.02411   0.04207        26       640         0         0         0         0         0         0         0
     16/24      4.8G   0.01381  0.003999   0.02465   0.04246        31       640         0         0         0         0         0         0         0
     17/24      4.8G   0.01253  0.003815   0.02422   0.04056        29       640         0         0         0         0         0         0         0
     18/24      4.8G    0.0118  0.003643   0.02412   0.03957        28       640         0         0         0         0         0         0         0
     19/24      4.8G   0.01191  0.003683   0.02448   0.04007        33       640         0         0         0         0         0         0         0
     20/24      4.8G   0.01172  0.003547   0.02494   0.04021        23       640         0         0         0         0         0         0         0
     21/24      4.8G    0.0102  0.003486   0.02397   0.03766        24       640         0         0         0         0         0         0         0
     22/24      4.8G   0.01043  0.003399   0.02416   0.03798        29       640         0         0         0         0         0         0         0
     23/24      4.8G   0.01005  0.003391   0.02389   0.03733        22       640         0         0         0         0         0         0         0
     24/24      4.8G   0.01037   0.00335   0.02463   0.03834        28       640    0.2001    0.9984    0.2217    0.2185  0.002762  0.001525  0.009598
      0/24      4.8G    0.0801   0.01667   0.02712    0.1239        29       640         0         0         0         0         0         0         0
      1/24      4.8G   0.06345   0.01532   0.02533    0.1041        27       640         0         0         0         0         0         0         0
      2/24      4.8G   0.05445   0.01587   0.02523   0.09555        28       640         0         0         0         0         0         0         0
      3/24      4.8G   0.04399   0.01511   0.02475   0.08386        31       640         0         0         0         0         0         0         0
      4/24      4.8G   0.03728   0.01317   0.02508   0.07554        23       640         0         0         0         0         0         0         0
      5/24      4.8G   0.02885   0.01119   0.02453   0.06457        32       640         0         0         0         0         0         0         0
      6/24      4.8G   0.02403  0.009631   0.02474   0.05841        26       640         0         0         0         0         0         0         0
      7/24      4.8G   0.02127  0.008479   0.02471   0.05446        28       640         0         0         0         0         0         0         0
      8/24      4.8G   0.01821  0.007278   0.02429   0.04978        33       640         0         0         0         0         0         0         0
      9/24      4.8G   0.01688  0.006577   0.02427   0.04773        32       640         0         0         0         0         0         0         0
     10/24      4.8G   0.01598  0.006229   0.02466   0.04687        32       640         0         0         0         0         0         0         0
     11/24      4.8G   0.01485  0.005784   0.02513   0.04576        25       640         0         0         0         0         0         0         0
     12/24      4.8G   0.01379  0.005373   0.02453   0.04369        38       640         0         0         0         0         0         0         0
     13/24      4.8G   0.01232  0.005129   0.02439   0.04184        33       640         0         0         0         0         0         0         0
     14/24      4.8G    0.0117  0.005014   0.02513   0.04185        26       640         0         0         0         0         0         0         0
     15/24      4.8G   0.01089  0.004797   0.02477   0.04046        37       640         0         0         0         0         0         0         0
     16/24      4.8G   0.01014  0.004575    0.0242   0.03892        33       640         0         0         0         0         0         0         0
     17/24      4.8G  0.009799  0.004535   0.02458   0.03892        30       640         0         0         0         0         0         0         0
     18/24      4.8G  0.008947   0.00438   0.02462   0.03795        26       640         0         0         0         0         0         0         0
     19/24      4.8G  0.008788  0.004311   0.02516   0.03826        24       640         0         0         0         0         0         0         0
     20/24      4.8G  0.008133   0.00403   0.02461   0.03677        22       640         0         0         0         0         0         0         0
     21/24      4.8G  0.007421  0.003975   0.02431   0.03571        33       640         0         0         0         0         0         0         0
     22/24      4.8G  0.007997  0.004018   0.02492   0.03693        34       640         0         0         0         0         0         0         0
     23/24      4.8G  0.007268  0.003838   0.02457   0.03567        35       640         0         0         0         0         0         0         0
     24/24      4.8G  0.007103  0.003859   0.02464   0.03561        26       640    0.2001    0.9979    0.2187     0.215  0.002867  0.001461  0.009096
      0/24      4.8G   0.07342   0.01643   0.02197    0.1118        27       640         0         0         0         0         0         0         0
      1/24      4.8G   0.05742   0.01465   0.02129   0.09336        32       640         0         0         0         0         0         0         0
      2/24      4.8G   0.05027   0.01493   0.02121   0.08641        32       640         0         0         0         0         0         0         0
      3/24      4.8G   0.04102    0.0152   0.02177   0.07799        42       640         0         0         0         0         0         0         0
      4/24      4.8G   0.03258    0.0138   0.02095   0.06733        37       640         0         0         0         0         0         0         0
      5/24      4.8G   0.02606   0.01125   0.02066   0.05797        35       640         0         0         0         0         0         0         0
      6/24      4.8G   0.02132  0.009049   0.02083    0.0512        29       640         0         0         0         0         0         0         0
      7/24      4.8G   0.01968  0.007714   0.02133   0.04872        25       640         0         0         0         0         0         0         0
      8/24      4.8G   0.01748  0.006801   0.02121   0.04549        28       640         0         0         0         0         0         0         0
      9/24      4.8G   0.01572   0.00613   0.02083   0.04269        31       640         0         0         0         0         0         0         0
     10/24      4.8G   0.01521  0.005711   0.02109   0.04201        34       640         0         0         0         0         0         0         0
     11/24      4.8G   0.01428  0.005295   0.02115   0.04072        31       640         0         0         0         0         0         0         0
     12/24      4.8G   0.01387  0.005041   0.02127   0.04018        31       640         0         0         0         0         0         0         0
     13/24      4.8G   0.01238  0.004733   0.02112   0.03823        27       640         0         0         0         0         0         0         0
     14/24      4.8G   0.01202  0.004548   0.02104   0.03761        31       640         0         0         0         0         0         0         0
     15/24      4.8G   0.01167  0.004411    0.0212   0.03728        27       640         0         0         0         0         0         0         0
     16/24      4.8G   0.01027  0.004165   0.02041   0.03485        30       640         0         0         0         0         0         0         0
     17/24      4.8G    0.0113  0.004049   0.02124   0.03658        35       640         0         0         0         0         0         0         0
     18/24      4.8G   0.01071  0.003995    0.0211   0.03581        30       640         0         0         0         0         0         0         0
     19/24      4.8G  0.008917  0.003869   0.02059   0.03338        33       640         0         0         0         0         0         0         0
     20/24      4.8G  0.008553  0.003854   0.02047   0.03288        26       640         0         0         0         0         0         0         0
     21/24      4.8G  0.008572  0.003613   0.02091    0.0331        24       640         0         0         0         0         0         0         0
     22/24      4.8G  0.008755  0.003619   0.02087   0.03324        29       640         0         0         0         0         0         0         0
     23/24      4.8G  0.007836  0.003521   0.02029   0.03165        30       640         0         0         0         0         0         0         0
     24/24      4.8G  0.008045  0.003499   0.02047   0.03202        33       640    0.1999     0.999    0.2143    0.2108  0.002872  0.001499  0.009651
      0/24      4.8G   0.08877   0.01595   0.02517    0.1299        32       640         0         0         0         0         0         0         0
      1/24      4.8G   0.06384   0.01455   0.02382    0.1022        33       640         0         0         0         0         0         0         0
      2/24      4.8G   0.05437   0.01515   0.02349     0.093        33       640         0         0         0         0         0         0         0
      3/24      4.8G   0.04738   0.01495   0.02432   0.08665        25       640         0         0         0         0         0         0         0
      4/24      4.8G   0.03879   0.01301   0.02357   0.07537        26       640         0         0         0         0         0         0         0
      5/24      4.8G   0.03275   0.01032   0.02417   0.06725        38       640         0         0         0         0         0         0         0
      6/24      4.8G   0.02511  0.007849   0.02362   0.05658        26       640         0         0         0         0         0         0         0
      7/24      4.8G   0.02218  0.006296   0.02302   0.05149        26       640         0         0         0         0         0         0         0
      8/24      4.8G   0.02007    0.0054   0.02318   0.04865        26       640         0         0         0         0         0         0         0
      9/24      4.8G   0.01848   0.00488   0.02307   0.04642        37       640         0         0         0         0         0         0         0
     10/24      4.8G   0.01798  0.004581   0.02342   0.04598        23       640         0         0         0         0         0         0         0
     11/24      4.8G   0.01678  0.004451   0.02338   0.04461        26       640         0         0         0         0         0         0         0
     12/24      4.8G   0.01476  0.004175   0.02297    0.0419        32       640         0         0         0         0         0         0         0
     13/24      4.8G   0.01507   0.00406   0.02365   0.04278        30       640         0         0         0         0         0         0         0
     14/24      4.8G   0.01539  0.003853   0.02349   0.04274        31       640         0         0         0         0         0         0         0
     15/24      4.8G   0.01363  0.003736   0.02328   0.04064        33       640         0         0         0         0         0         0         0
     16/24      4.8G   0.01317  0.003636   0.02319      0.04        29       640         0         0         0         0         0         0         0
     17/24      4.8G   0.01286  0.003548   0.02349    0.0399        25       640         0         0         0         0         0         0         0
     18/24      4.8G   0.01188  0.003379   0.02355    0.0388        29       640         0         0         0         0         0         0         0
     19/24      4.8G   0.01268  0.003329   0.02339   0.03939        28       640         0         0         0         0         0         0         0
     20/24      4.8G   0.01151  0.003259    0.0233   0.03808        33       640         0         0         0         0         0         0         0
     21/24      4.8G   0.01094  0.003189   0.02337    0.0375        34       640         0         0         0         0         0         0         0
     22/24      4.8G   0.01103  0.003081   0.02373   0.03784        22       640         0         0         0         0         0         0         0
     23/24      4.8G   0.01054  0.003122   0.02336   0.03702        22       640         0         0         0         0         0         0         0
     24/24      4.8G   0.01085  0.003036    0.0233   0.03718        34       640    0.1999    0.9983    0.2101    0.2073  0.002699  0.001565  0.009208
      0/24      4.8G   0.08938   0.01476   0.02644    0.1306        25       640         0         0         0         0         0         0         0
      1/24      4.8G   0.06753   0.01335   0.02525    0.1061        30       640         0         0         0         0         0         0         0
      2/24      4.8G   0.05701   0.01386   0.02444    0.0953        34       640         0         0         0         0         0         0         0
      3/24      4.8G   0.04859   0.01441   0.02437   0.08737        32       640         0         0         0         0         0         0         0
      4/24      4.8G   0.04066   0.01308   0.02433   0.07807        31       640         0         0         0         0         0         0         0
      5/24      4.8G   0.03505   0.01098   0.02501   0.07105        30       640         0         0         0         0         0         0         0
      6/24      4.8G   0.02846  0.008696   0.02437   0.06153        28       640         0         0         0         0         0         0         0
      7/24      4.8G   0.02432  0.007116   0.02343   0.05486        30       640         0         0         0         0         0         0         0
      8/24      4.8G   0.02217  0.006154   0.02387    0.0522        30       640         0         0         0         0         0         0         0
      9/24      4.8G   0.02027  0.005478   0.02372   0.04947        22       640         0         0         0         0         0         0         0
     10/24      4.8G   0.01907   0.00509   0.02371   0.04787        24       640         0         0         0         0         0         0         0
     11/24      4.8G   0.01868  0.004775   0.02426   0.04771        30       640         0         0         0         0         0         0         0
     12/24      4.8G   0.01726  0.004571   0.02412   0.04595        20       640         0         0         0         0         0         0         0
     13/24      4.8G   0.01585  0.004362    0.0238     0.044        33       640         0         0         0         0         0         0         0
     14/24      4.8G   0.01593  0.004165   0.02386   0.04395        24       640         0         0         0         0         0         0         0
     15/24      4.8G     0.016  0.004002   0.02458   0.04458        27       640         0         0         0         0         0         0         0
     16/24      4.8G   0.01469   0.00381   0.02412   0.04262        26       640         0         0         0         0         0         0         0
     17/24      4.8G   0.01382  0.003787   0.02401   0.04161        28       640         0         0         0         0         0         0         0
     18/24      4.8G   0.01347  0.003718   0.02428   0.04147        26       640         0         0         0         0         0         0         0
     19/24      4.8G   0.01213  0.003539   0.02347   0.03914        32       640         0         0         0         0         0         0         0
     20/24      4.8G   0.01206  0.003483   0.02377   0.03931        27       640         0         0         0         0         0         0         0
     21/24      4.8G   0.01168  0.003435   0.02389   0.03901        34       640         0         0         0         0         0         0         0
     22/24      4.8G   0.01123  0.003384   0.02381   0.03842        34       640         0         0         0         0         0         0         0
     23/24      4.8G   0.01206  0.003358   0.02434   0.03976        27       640         0         0         0         0         0         0         0
     24/24      4.8G   0.01134  0.003222   0.02373   0.03829        27       640    0.2001    0.9974    0.2153     0.212  0.002923  0.001492  0.009328
      0/24      4.8G   0.09101   0.01509   0.02981    0.1359        38       640         0         0         0         0         0         0         0
      1/24      4.8G   0.07326   0.01417   0.02846    0.1159        33       640         0         0         0         0         0         0         0
      2/24      4.8G   0.06177   0.01492   0.02821    0.1049        35       640         0         0         0         0         0         0         0
      3/24      4.8G   0.04936   0.01462   0.02783   0.09181        30       640         0         0         0         0         0         0         0
      4/24      4.8G   0.04002   0.01284   0.02753   0.08039        33       640         0         0         0         0         0         0         0
      5/24      4.8G   0.03374   0.01099   0.02751   0.07224        30       640         0         0         0         0         0         0         0
      6/24      4.8G   0.02773  0.008996   0.02785   0.06457        28       640         0         0         0         0         0         0         0
      7/24      4.8G   0.02372  0.007625   0.02765     0.059        30       640         0         0         0         0         0         0         0
      8/24      4.8G   0.02086  0.006664    0.0277   0.05522        26       640         0         0         0         0         0         0         0
      9/24      4.8G   0.01925  0.006087   0.02769   0.05302        32       640         0         0         0         0         0         0         0
     10/24      4.8G   0.01748  0.005636   0.02731   0.05043        31       640         0         0         0         0         0         0         0
     11/24      4.8G   0.01625   0.00528   0.02725   0.04878        34       640         0         0         0         0         0         0         0
     12/24      4.8G   0.01527  0.005231   0.02757   0.04807        23       640         0         0         0         0         0         0         0
     13/24      4.8G   0.01452  0.004883   0.02768   0.04708        26       640         0         0         0         0         0         0         0
     14/24      4.8G     0.014   0.00484   0.02749   0.04633        31       640         0         0         0         0         0         0         0
     15/24      4.8G   0.01315  0.004598    0.0277   0.04546        25       640         0         0         0         0         0         0         0
     16/24      4.8G   0.01255  0.004559   0.02748    0.0446        30       640         0         0         0         0         0         0         0
     17/24      4.8G   0.01194  0.004403   0.02762   0.04397        29       640         0         0         0         0         0         0         0
     18/24      4.8G   0.01124  0.004192   0.02743   0.04286        28       640         0         0         0         0         0         0         0
     19/24      4.8G   0.01058  0.004221   0.02722   0.04202        33       640         0         0         0         0         0         0         0
     20/24      4.8G   0.01031   0.00413    0.0275   0.04194        22       640         0         0         0         0         0         0         0
     21/24      4.8G   0.01014  0.004023   0.02761   0.04178        23       640         0         0         0         0         0         0         0
     22/24      4.8G  0.009945  0.004019   0.02752   0.04149        29       640         0         0         0         0         0         0         0
     23/24      4.8G  0.009748  0.003965   0.02763   0.04135        22       640         0         0         0         0         0         0         0
     24/24      4.8G  0.009525  0.003877    0.0276     0.041        28       640       0.2     0.998    0.2149    0.2118  0.002518  0.001376  0.009704
      0/24      4.8G   0.08439   0.01544   0.02566    0.1255        38       640         0         0         0         0         0         0         0
      1/24      4.8G   0.06363    0.0144   0.02535    0.1034        32       640         0         0         0         0         0         0         0
      2/24      4.8G   0.05448   0.01491   0.02471   0.09411        36       640         0         0         0         0         0         0         0
      3/24      4.8G   0.04329   0.01443   0.02413   0.08185        31       640         0         0         0         0         0         0         0
      4/24      4.8G    0.0361   0.01249    0.0242   0.07279        34       640         0         0         0         0         0         0         0
      5/24      4.8G   0.03022   0.01029   0.02384   0.06435        30       640         0         0         0         0         0         0         0
      6/24      4.8G   0.02507  0.008302   0.02381   0.05718        29       640         0         0         0         0         0         0         0
      7/24      4.8G   0.02201  0.007017   0.02363   0.05266        30       640         0         0         0         0         0         0         0
      8/24      4.8G   0.02073  0.006032   0.02402   0.05078        26       640         0         0         0         0         0         0         0
      9/24      4.8G   0.01924  0.005502   0.02409   0.04884        32       640         0         0         0         0         0         0         0
     10/24      4.8G    0.0178  0.005022   0.02389   0.04671        32       640         0         0         0         0         0         0         0
     11/24      4.8G   0.01656   0.00473   0.02375   0.04504        35       640         0         0         0         0         0         0         0
     12/24      4.8G   0.01574  0.004599   0.02433   0.04466        23       640         0         0         0         0         0         0         0
     13/24      4.8G   0.01505  0.004241     0.024    0.0433        27       640         0         0         0         0         0         0         0
     14/24      4.8G   0.01472  0.004183   0.02374   0.04264        32       640         0         0         0         0         0         0         0
     15/24      4.8G   0.01371  0.003991   0.02373   0.04142        26       640         0         0         0         0         0         0         0
     16/24      4.8G   0.01408  0.003945    0.0244   0.04242        31       640         0         0         0         0         0         0         0
     17/24      4.8G   0.01253  0.003768   0.02391   0.04021        29       640         0         0         0         0         0         0         0
     18/24      4.8G   0.01192  0.003596   0.02388    0.0394        28       640         0         0         0         0         0         0         0
     19/24      4.8G   0.01161  0.003614   0.02417   0.03939        33       640         0         0         0         0         0         0         0
     20/24      4.8G   0.01165  0.003479    0.0247   0.03984        23       640         0         0         0         0         0         0         0
     21/24      4.8G   0.01011  0.003413    0.0237   0.03722        24       640         0         0         0         0         0         0         0
     22/24      4.8G   0.01057   0.00333   0.02394   0.03784        29       640         0         0         0         0         0         0         0
     23/24      4.8G   0.01006  0.003298   0.02366   0.03703        22       640         0         0         0         0         0         0         0
     24/24      4.8G   0.01034  0.003287   0.02436   0.03799        28       640    0.1999    0.9984    0.2124    0.2092  0.002774  0.001712  0.009497
      0/24    0.388G   0.09668   0.01855   0.02829    0.1435        38       640         0         0         0         0         0         0         0
      1/24     4.81G   0.07165   0.01789   0.02772    0.1173        32       640         0         0         0         0         0         0         0
      2/24     4.81G   0.06347   0.01829   0.02735    0.1091        36       640         0         0         0         0         0         0         0
      3/24     4.81G   0.05306   0.01804   0.02699    0.0981        31       640         0         0         0         0         0         0         0
      4/24     4.81G   0.04613   0.01588   0.02665   0.08866        34       640         0         0         0         0         0         0         0
      5/24     4.81G   0.03956   0.01263   0.02636   0.07855        31       640         0         0         0         0         0         0         0
      6/24     4.81G   0.03543   0.01006   0.02651     0.072        29       640         0         0         0         0         0         0         0
      7/24     4.81G    0.0304  0.008392   0.02607   0.06486        30       640         0         0         0         0         0         0         0
      8/24     4.81G   0.02878  0.007251   0.02628   0.06231        26       640         0         0         0         0         0         0         0
      9/24     4.81G   0.02752  0.006693   0.02637   0.06058        32       640         0         0         0         0         0         0         0
     10/24     4.81G   0.02678  0.006224   0.02663   0.05964        32       640         0         0         0         0         0         0         0
     11/24     4.81G   0.02456  0.005877   0.02605    0.0565        35       640         0         0         0         0         0         0         0
     12/24     4.81G   0.02482  0.005789   0.02661   0.05722        23       640         0         0         0         0         0         0         0
     13/24     4.81G   0.02345  0.005345   0.02629   0.05509        27       640         0         0         0         0         0         0         0
     14/24     4.81G   0.02217   0.00524   0.02596   0.05337        32       640         0         0         0         0         0         0         0
     15/24     4.81G   0.02127  0.005032    0.0258   0.05211        26       640         0         0         0         0         0         0         0
     16/24     4.81G   0.02168  0.004993   0.02648   0.05316        31       640         0         0         0         0         0         0         0
     17/24     4.81G    0.0206  0.004787   0.02618   0.05156        29       640         0         0         0         0         0         0         0
     18/24     4.81G   0.02049  0.004598    0.0263   0.05139        28       640         0         0         0         0         0         0         0
     19/24     4.81G   0.01898  0.004615   0.02609   0.04968        33       640         0         0         0         0         0         0         0
     20/24     4.81G    0.0194  0.004484   0.02656   0.05045        23       640         0         0         0         0         0         0         0
     21/24     4.81G   0.01878  0.004391   0.02602   0.04919        24       640         0         0         0         0         0         0         0
     22/24     4.81G   0.01899  0.004341    0.0263   0.04964        29       640         0         0         0         0         0         0         0
     23/24     4.81G    0.0186  0.004289   0.02613   0.04902        22       640         0         0         0         0         0         0         0
     24/24     4.81G   0.01829  0.004273    0.0263   0.04886        28       640    0.1999    0.9979    0.2218     0.218  0.002782  0.001773  0.009569
      0/24      4.8G    0.1401    0.0172   0.02359    0.1809        37       640         0         0         0         0         0         0         0
      1/24      4.8G     0.111   0.01702   0.02235    0.1503        33       640         0         0         0         0         0         0         0
      2/24      4.8G   0.09205   0.01849   0.02174    0.1323        26       640         0         0         0         0         0         0         0
