     0/999    0.388G  0.009649   0.02116   0.02282   0.05363        12       640  0.007672    0.9995    0.0327  0.006026  0.008724   0.01365    0.0232
     1/999     4.82G  0.006965   0.01768   0.02266   0.04731        12       640   0.02046    0.1592   0.03889  0.007984  0.008394   0.01218   0.02324
     2/999     5.28G  0.006564   0.01706   0.02263   0.04625        12       640   0.04463    0.9031   0.08751   0.02784  0.007936   0.01174   0.02316
     3/999     5.28G  0.006437   0.01532   0.02261   0.04437        12       640     0.107    0.3545   0.09964   0.04218  0.008158   0.01058   0.02321
     4/999     5.29G  0.006239   0.01256   0.02259    0.0414        12       640    0.1328     0.578     0.145   0.08335  0.008166   0.01932   0.02339
     5/999     5.29G  0.005023  0.009103   0.02259   0.03671        12       640    0.1524    0.8476    0.1835     0.115  0.005399   0.01036   0.02338
     6/999     5.29G  0.003344  0.005155   0.02252   0.03102        12       640    0.1999    0.9801    0.2289    0.2037  0.004212  0.005778   0.02323
     7/999     5.29G  0.002278  0.003197   0.02249   0.02796        12       640     0.203    0.9629      0.23    0.2132  0.003598  0.007263    0.0233
     8/999     5.29G  0.001792  0.002659    0.0225   0.02695        12       640    0.2059    0.9558    0.2409    0.2247   0.00385  0.007442   0.02331
     9/999     5.29G  0.001473  0.002404   0.02238   0.02626        12       640    0.2126    0.9194    0.2475    0.2294  0.003633  0.007832   0.02316
    10/999     5.29G  0.001424  0.002286   0.02219    0.0259        12       640    0.2124    0.8793    0.2458    0.2291  0.003594  0.008256   0.02313
    11/999     5.29G  0.001307  0.002164   0.02199   0.02546        12       640    0.2166    0.8613    0.2538    0.2378  0.003561  0.007419   0.02313
    12/999     5.29G  0.001232  0.002057    0.0218   0.02509        12       640     0.222    0.8188    0.2564    0.2419  0.003549  0.007164   0.02305
    13/999     5.29G  0.001199  0.001995   0.02162   0.02481        12       640    0.2295    0.7902    0.2623    0.2458  0.003701  0.007591   0.02311
    14/999     5.29G  0.001134  0.001914   0.02151   0.02456        12       640    0.2258    0.8155    0.2614    0.2416  0.003772  0.008026   0.02331
    15/999     5.29G  0.001146  0.001883   0.02135   0.02437        12       640    0.2257    0.8204    0.2557    0.2409  0.003596  0.006862   0.02318
    16/999     5.29G   0.00111  0.001871    0.0213   0.02428        12       640    0.2192    0.8791    0.2592    0.2438  0.003562  0.007409   0.02365
    17/999     5.29G  0.001102  0.001867   0.02121   0.02418        12       640    0.2269    0.8325    0.2593    0.2444  0.003589  0.007232   0.02334
    18/999     5.29G  0.001091  0.001833   0.02111   0.02403        12       640    0.2266    0.8276    0.2578    0.2446  0.003378  0.007469   0.02344
    19/999     5.29G  0.001058   0.00177   0.02103   0.02386        12       640    0.2356     0.711    0.2561    0.2416  0.003589  0.007252   0.02352
