     0/999    0.388G   0.02827   0.01366     0.026   0.06793        15       640  0.008674    0.9984   0.02255  0.004345  0.009918  0.006022   0.01624
     1/999     4.82G   0.02648  0.008339   0.02485   0.05967        14       640  0.006027    0.9503   0.01137   0.00233  0.009782  0.005239   0.01619
     2/999     5.28G    0.0247  0.007918   0.02403   0.05664        17       640  0.005392    0.9927    0.0241  0.006005   0.01029  0.004359   0.01614
     3/999     5.29G   0.02114  0.007979   0.02421   0.05333        14       640   0.06953     0.801   0.09482   0.03833  0.009913  0.004034   0.01621
     4/999     5.29G   0.01966  0.008326   0.02533   0.05332        15       640   0.09785    0.5188    0.1095   0.04856  0.008867  0.003923   0.01617
     5/999     5.29G    0.0167  0.007926   0.02435   0.04898        12       640    0.1036    0.3916   0.09667   0.03152  0.007469  0.004008   0.01616
     6/999     5.29G    0.0147  0.007335   0.02361   0.04564        12       640    0.1613    0.5732    0.1602    0.0919  0.005828  0.003504   0.01615
     7/999     5.29G   0.01369  0.005959   0.02381   0.04346        14       640    0.1947    0.9079    0.2115    0.1422  0.005769   0.00285   0.01615
     8/999     5.29G   0.01256  0.005055   0.02429   0.04191        12       640    0.1987    0.9853    0.2152    0.1645  0.005171  0.002378   0.01615
     9/999     5.29G   0.01155  0.004484   0.02418   0.04021        15       640    0.2002    0.9901    0.2143    0.1704  0.004976  0.002245   0.01617
    10/999     5.29G   0.01112  0.003962   0.02508   0.04016        15       640    0.1998    0.9924    0.2179    0.1954  0.003271  0.001673   0.01612
    11/999     5.29G  0.008918  0.003543   0.02277   0.03524        17       640       0.2    0.9979     0.224    0.1942  0.003708  0.001631    0.0161
    12/999     5.29G  0.008423   0.00327   0.02303   0.03473        12       640       0.2    0.9976    0.2122    0.2036   0.00304  0.001673   0.01612
    13/999     5.29G  0.008405  0.002942    0.0234   0.03475        14       640    0.2004     0.994    0.2152    0.1947  0.003464  0.001653    0.0161
    14/999     5.29G  0.008344  0.002892   0.02385   0.03508        12       640       0.2    0.9974    0.2151    0.2078  0.002872  0.001619   0.01613
    15/999     5.29G  0.007671  0.002749   0.02347   0.03389        18       640    0.2007    0.9824    0.2124    0.2025  0.002952  0.001587   0.01613
    16/999     5.29G  0.007181  0.002706   0.02366   0.03355        16       640    0.2001    0.9958    0.2195    0.2131  0.002774  0.001519   0.01612
    17/999     5.29G  0.007529  0.002543   0.02386   0.03393        18       640    0.2015    0.9812     0.221    0.2164  0.002203  0.001655   0.01616
    18/999     5.29G   0.00665  0.002493   0.02321   0.03236        15       640    0.2001    0.9974    0.2194    0.2161  0.002374  0.001543   0.01615
    19/999     5.29G  0.006823  0.002455   0.02442   0.03369        15       640    0.2008     0.988    0.2172    0.2144  0.001922  0.001468   0.01614
    20/999     5.29G   0.00594  0.002206   0.02262   0.03077        21       640    0.2002    0.9937    0.2206    0.2165  0.002132   0.00142   0.01613
    21/999     5.29G  0.006314  0.002275   0.02326   0.03185        18       640    0.2001    0.9963    0.2252     0.222  0.001915  0.001396   0.01613
    22/999     5.29G  0.006618  0.002164   0.02409   0.03287        12       640    0.1999    0.9995    0.2189    0.2149  0.002104  0.001494   0.01614
    23/999     5.29G  0.006524  0.002186   0.02396   0.03267        15       640       0.2    0.9984    0.2172    0.2136  0.002246  0.001444   0.01614
    24/999     5.29G  0.006496  0.002173   0.02441   0.03308        16       640       0.2    0.9984    0.2168     0.214  0.001931  0.001342   0.01613
    25/999     5.29G  0.005393  0.002062   0.02279   0.03025        18       640       0.2    0.9985     0.217    0.2132  0.001929  0.001438   0.01613
    26/999     5.29G  0.005262  0.002001   0.02346   0.03073        12       640    0.2001    0.9978    0.2155    0.2125  0.002103  0.001428   0.01614
    27/999     5.29G  0.005606  0.002002   0.02312   0.03072        13       640    0.2001    0.9977     0.222    0.2186  0.002039  0.001294   0.01615
    28/999     5.29G  0.005898  0.002021   0.02449    0.0324        17       640    0.1999     0.999    0.2162    0.2123  0.001904  0.001595   0.01616
    29/999     5.29G  0.005483  0.001926   0.02316   0.03057        12       640    0.2001    0.9978    0.2197    0.2154  0.001727  0.001353   0.01616
    30/999     5.29G  0.005473  0.001916   0.02381    0.0312        14       640       0.2    0.9974    0.2146    0.2098  0.002078  0.001247   0.01614
    31/999     5.29G  0.005757  0.001898   0.02394   0.03159        17       640    0.2003    0.9942    0.2166    0.2134  0.001872   0.00134   0.01613
    32/999     5.29G  0.005219  0.001788   0.02338   0.03039        19       640    0.2005     0.992    0.2175    0.2144  0.001607  0.001287   0.01613
    33/999     5.29G  0.006049  0.001792   0.02396    0.0318        16       640    0.2002    0.9965    0.2238    0.2202  0.001825  0.001409    0.0161
    34/999     5.29G  0.005512   0.00182   0.02375   0.03108        13       640    0.2001     0.999    0.2232    0.2197  0.001806  0.001428   0.01613
    35/999     5.29G  0.005572  0.001815   0.02476   0.03215        16       640    0.1999    0.9995    0.2165    0.2132  0.001686  0.001381   0.01612
    36/999     5.29G  0.004779  0.001737   0.02301   0.02952        15       640    0.2002    0.9951    0.2229     0.219  0.001694    0.0014   0.01615
    37/999     5.29G  0.005407  0.001744   0.02382   0.03097        13       640       0.2    0.9989    0.2227    0.2197  0.001645  0.001407   0.01616
    38/999     5.29G  0.005051  0.001731   0.02373   0.03052        12       640    0.2004    0.9962    0.2263    0.2221  0.001723  0.001324   0.01614
    39/999     5.29G  0.005114  0.001716   0.02388    0.0307        18       640     0.201    0.9832    0.2133    0.2102  0.001795  0.001335   0.01612
    40/999     5.29G  0.005217  0.001755   0.02473    0.0317        12       640    0.2007    0.9869    0.2258    0.2222  0.001749  0.001406   0.01614
    41/999     5.29G   0.00508  0.001626   0.02393   0.03063        14       640    0.2001    0.9953    0.2223    0.2189  0.001508  0.001352   0.01612
    42/999     5.29G  0.005554  0.001633   0.02425   0.03144        15       640       0.2    0.9989    0.2193    0.2164  0.001672  0.001339   0.01612
    43/999     5.29G  0.005033  0.001698   0.02465   0.03138        12       640    0.2002    0.9953    0.2179    0.2151  0.001788   0.00132   0.01611
    44/999     5.29G   0.00484  0.001666   0.02383   0.03034        17       640       0.2     0.999    0.2194    0.2164  0.001803   0.00144   0.01613
    45/999     5.29G  0.004885  0.001691   0.02393   0.03051        15       640    0.2003    0.9928    0.2156    0.2125  0.001441  0.001223   0.01612
    46/999     5.29G  0.004491  0.001623   0.02374   0.02986        18       640    0.2012    0.9794    0.2172    0.2141  0.001519  0.001379   0.01614
    47/999     5.29G  0.004206  0.001552   0.02278   0.02853        12       640    0.2002    0.9954    0.2175    0.2144  0.001779  0.001246   0.01614
    48/999     5.29G  0.004153  0.001511   0.02277   0.02843        12       640    0.2005    0.9915    0.2219    0.2188  0.001692  0.001328   0.01615
    49/999     5.29G  0.004932  0.001561   0.02406   0.03055        12       640    0.2001    0.9974    0.2167    0.2139  0.001543  0.001289   0.01614
    50/999     5.29G  0.004829  0.001571   0.02494   0.03134        16       640    0.2001    0.9963    0.2227    0.2198  0.001537  0.001375   0.01612
    51/999     5.29G  0.004164  0.001508   0.02336   0.02903        19       640    0.2003    0.9931    0.2225    0.2198  0.001506  0.001391   0.01612
    52/999     5.29G  0.004774  0.001563    0.0244   0.03074        17       640    0.2012    0.9853    0.2215    0.2187  0.001475  0.001325   0.01612
    53/999     5.29G  0.004411  0.001558   0.02395   0.02992        13       640    0.1999    0.9994    0.2167    0.2135  0.001673  0.001295   0.01615
    54/999     5.29G  0.004929  0.001502   0.02439   0.03082        15       640    0.2001    0.9994    0.2129    0.2106  0.001554  0.001351   0.01615
    55/999     5.29G  0.005076  0.001553   0.02439   0.03101        18       640    0.2001    0.9963    0.2175    0.2134  0.001736  0.001404   0.01614
    56/999     5.29G  0.004608  0.001501   0.02424   0.03035        13       640       0.2     0.999     0.217    0.2145  0.001538  0.001346   0.01614
    57/999     5.29G  0.004929  0.001473   0.02482   0.03123        13       640    0.2001    0.9984    0.2168    0.2142  0.001456  0.001289   0.01614
    58/999     5.29G  0.004828  0.001525   0.02515    0.0315        18       640    0.2001    0.9989    0.2147    0.2123  0.001459  0.001357   0.01612
    59/999     5.29G  0.003862  0.001396   0.02274   0.02799        15       640    0.2003    0.9942    0.2135    0.2108  0.001566  0.001358   0.01613
    60/999     5.29G  0.003747  0.001419   0.02307   0.02824        17       640       0.2     0.999    0.2175    0.2154   0.00144  0.001291   0.01612
    61/999     5.29G  0.004221  0.001393   0.02397   0.02958        16       640    0.2004    0.9937    0.2166    0.2144  0.001427  0.001243   0.01613
    62/999     5.29G  0.004086  0.001458   0.02377   0.02931        15       640    0.2004     0.993    0.2147    0.2123  0.001386  0.001354   0.01614
    63/999     5.29G  0.004239  0.001412   0.02409   0.02975        12       640    0.2004    0.9912    0.2119    0.2096  0.001437  0.001351   0.01615
    64/999     5.29G  0.004182  0.001409   0.02406   0.02965        19       640    0.2001    0.9985     0.216    0.2135  0.001389  0.001321   0.01615
    65/999     5.29G  0.003763  0.001368   0.02309   0.02822        16       640    0.2003    0.9941    0.2133    0.2106  0.001376  0.001306   0.01617
    66/999     5.29G  0.004164  0.001431   0.02431   0.02991        15       640    0.2008     0.985    0.2152    0.2129   0.00144  0.001255   0.01616
    67/999     5.29G  0.003971  0.001329   0.02343   0.02873        22       640    0.2002    0.9965    0.2171    0.2142  0.001452  0.001327   0.01615
    68/999     5.29G  0.003749  0.001359   0.02297   0.02808        19       640    0.2008    0.9833    0.2178    0.2154  0.001428  0.001281   0.01616
    69/999     5.29G  0.004222  0.001366   0.02431    0.0299        19       640    0.2005    0.9921    0.2215    0.2191  0.001456  0.001323   0.01616
    70/999     5.29G   0.00447  0.001411   0.02448   0.03036        16       640    0.2015    0.9774    0.2175    0.2148  0.001351  0.001286   0.01616
