     0/999    0.455G    0.0336  0.003518  0.007744   0.04486        37       640    0.1614    0.5141    0.1592    0.1152  0.007483 0.0007036  0.003064
     1/999      2.6G   0.02053  0.002656  0.006327   0.02951        45       640    0.2001    0.9901    0.2121    0.1836  0.005635 0.0005009  0.003018
     2/999     2.83G   0.01898  0.002323  0.006346   0.02765        48       640    0.1999    0.9993    0.2136    0.1776  0.005964  0.000456  0.002989
     3/999     2.84G   0.01555  0.002094  0.006309   0.02395        35       640    0.2006    0.9923    0.2156    0.1646  0.008066 0.0004684  0.002971
     4/999     2.84G   0.01336  0.001893  0.006123   0.02138        50       640    0.2006    0.9944    0.2131     0.181  0.006262 0.0004799  0.002975
     5/999     2.84G   0.01298    0.0018  0.006141   0.02092        37       640       0.2    0.9984    0.2194    0.1783  0.006296  0.000591  0.002977
     6/999     2.84G   0.01181  0.001722  0.006029   0.01956        47       640    0.2011    0.9696    0.2147    0.1728  0.006353 0.0004934  0.002962
     7/999     2.84G   0.01154  0.001659  0.006064   0.01926        43       640    0.2001    0.9963    0.2142     0.177  0.006987 0.0004501  0.002973
     8/999     2.84G   0.01112  0.001595  0.006114   0.01883        32       640    0.2001    0.9968    0.2144    0.1787  0.005996 0.0004987   0.00298
     9/999     2.84G   0.01115  0.001617    0.0061   0.01887        45       640    0.1999    0.9995    0.2135    0.1878    0.0056 0.0005149  0.002976
    10/999     2.84G   0.01067   0.00156  0.006025   0.01825        39       640    0.2009    0.9832    0.2116    0.1845  0.005421 0.0004864  0.002977
    11/999     2.84G   0.01002   0.00155  0.006004   0.01758        34       640    0.2001    0.9967    0.2171    0.1907  0.004667 0.0004802  0.002972
    12/999     2.84G   0.01042  0.001519  0.006044   0.01798        42       640       0.2     0.999    0.2124    0.1757  0.006214  0.000501  0.002969
    13/999     2.84G   0.01019  0.001487  0.006055   0.01773        48       640    0.2018    0.9608    0.2101    0.1697  0.006131 0.0005246  0.002967
    14/999     2.84G   0.01026  0.001481  0.006086   0.01782        44       640    0.1999    0.9994    0.2152    0.1907  0.004353 0.0004603  0.002973
    15/999     2.84G   0.01012  0.001474  0.006057   0.01765        47       640    0.2007    0.9904    0.2173    0.1876   0.00545 0.0004969  0.002974
    16/999     2.84G  0.009757  0.001435  0.006037   0.01723        42       640       0.2    0.9994    0.2161    0.1815  0.005415 0.0005605  0.002979
    17/999     2.84G  0.009407  0.001421  0.006032   0.01686        49       640    0.1999    0.9994     0.216    0.1943  0.004145 0.0004925  0.002973
    18/999     2.84G  0.009783  0.001438  0.006025   0.01725        51       640    0.2003    0.9921    0.2141    0.1943  0.004106  0.000464  0.002974
    19/999     2.84G  0.009347  0.001422  0.006024   0.01679        47       640    0.2001    0.9957    0.2173    0.1862  0.005553 0.0004363  0.002975
    20/999     2.84G  0.009508  0.001406  0.006037   0.01695        40       640    0.2002    0.9958     0.217    0.1891    0.0051 0.0004291  0.002965
    21/999     2.84G  0.009624  0.001399  0.006093   0.01712        44       640    0.2001    0.9964    0.2117    0.1877  0.004804 0.0005113  0.002978
    22/999     2.84G  0.009503   0.00135  0.006084   0.01694        35       640    0.2003    0.9927    0.2144    0.1896  0.005057 0.0004309  0.002964
    23/999     2.84G   0.00916  0.001362  0.006078    0.0166        41       640    0.1999    0.9994    0.2169     0.191  0.004861  0.000401  0.002967
    24/999     2.84G  0.009266  0.001374  0.006044   0.01668        47       640    0.2001    0.9957    0.2166    0.1921  0.004306 0.0004259  0.002963
    25/999     2.84G  0.008998  0.001368  0.006055   0.01642        37       640    0.1999    0.9986    0.2116    0.1832  0.005047 0.0006295  0.002964
    26/999     2.84G  0.008858  0.001331  0.006057   0.01625        54       640    0.2002    0.9984    0.2164    0.1976  0.003942 0.0004636   0.00297
    27/999     2.84G  0.008738  0.001324  0.006004   0.01607        46       640       0.2    0.9969    0.2164     0.191  0.004824 0.0005504   0.00297
    28/999     2.84G  0.008977  0.001316  0.006099   0.01639        39       640       0.2     0.999    0.2147    0.1909  0.004799 0.0005207   0.00297
    29/999     2.84G  0.008691  0.001332  0.006061   0.01608        32       640    0.2001    0.9982    0.2148    0.1907  0.004805 0.0005225  0.002957
    30/999     2.84G  0.008534  0.001318  0.005977   0.01583        35       640       0.2    0.9984    0.2164     0.191  0.004678 0.0004281   0.00297
    31/999     2.84G  0.008662  0.001294  0.006028   0.01598        32       640    0.2004      0.99    0.2203    0.1993  0.003861 0.0004517  0.002964
    32/999     2.84G   0.00876  0.001291  0.006019   0.01607        41       640    0.1999    0.9995    0.2177    0.1955  0.004278 0.0004439  0.002969
    33/999     2.84G  0.008955  0.001296  0.006054   0.01631        42       640       0.2    0.9985    0.2202    0.1932  0.005022 0.0005131  0.002971
    34/999     2.84G  0.008575  0.001305  0.006041   0.01592        40       640    0.2003    0.9962     0.219    0.2003  0.004077 0.0004931  0.002965
    35/999     2.84G  0.008601  0.001298  0.006026   0.01592        47       640    0.2004    0.9911    0.2179    0.1962  0.004145 0.0005301  0.002969
    36/999     2.84G   0.00877  0.001287  0.006057   0.01611        41       640    0.2001    0.9979     0.217    0.1936  0.004483 0.0005346  0.002965
    37/999     2.84G  0.008105   0.00129  0.006008    0.0154        39       640    0.2001    0.9953    0.2197    0.1956   0.00448 0.0005462  0.002966
    38/999     2.84G  0.008143  0.001267  0.005987    0.0154        37       640    0.2001    0.9958    0.2182    0.1998  0.004192 0.0006166  0.002971
    39/999     2.84G  0.008541   0.00125  0.006049   0.01584        44       640    0.2001    0.9958    0.2153    0.1937  0.004206 0.0006019  0.002967
    40/999     2.84G  0.008686  0.001286  0.006077   0.01605        41       640    0.2007    0.9855    0.2186    0.1958  0.004222 0.0005108  0.002967
    41/999     2.84G  0.008358  0.001287     0.006   0.01564        39       640    0.1999    0.9989    0.2179    0.1966  0.004137 0.0005178  0.002969
    42/999     2.84G   0.00805  0.001245  0.006036   0.01533        37       640    0.1999    0.9995    0.2189     0.198  0.003816 0.0004591  0.002966
    43/999     2.84G  0.008131  0.001265  0.006053   0.01545        34       640    0.2001    0.9993    0.2208    0.1968  0.004629 0.0005638  0.002963
    44/999     2.84G  0.008085  0.001256  0.005999   0.01534        38       640    0.2004    0.9972    0.2243    0.1996  0.004152 0.0005245  0.002962
    45/999     2.84G  0.008225  0.001268  0.006001   0.01549        54       640    0.1999    0.9995    0.2189    0.1981  0.003773   0.00052  0.002976
    46/999     2.84G  0.007702  0.001236  0.005963    0.0149        54       640    0.2002    0.9951    0.2246    0.2025  0.004345 0.0005384   0.00296
    47/999     2.84G    0.0079  0.001258   0.00597   0.01513        30       640       0.2    0.9984    0.2216    0.2044  0.004052  0.000509  0.002968
    48/999     2.84G  0.008163  0.001245  0.006069   0.01548        47       640       0.2     0.998    0.2237     0.203  0.004146 0.0005303  0.002958
    49/999     2.84G  0.008207  0.001221  0.006025   0.01545        36       640    0.2002    0.9963    0.2232    0.2006  0.004086 0.0005257  0.002954
    50/999     2.84G  0.007833  0.001245   0.00597   0.01505        43       640    0.2003    0.9953     0.229    0.2107  0.003638 0.0005699  0.002948
    51/999     2.84G  0.007976  0.001216  0.005994   0.01519        45       640    0.2029    0.9435    0.2279    0.2082  0.003905 0.0005429  0.002955
    52/999     2.84G  0.008111  0.001237  0.006015   0.01536        39       640    0.2012    0.9754    0.2262    0.2076  0.003922 0.0005429  0.002954
    53/999     2.84G  0.008154  0.001218   0.00603    0.0154        47       640    0.2039    0.9272    0.2358    0.2119  0.004146 0.0005705   0.00295
    54/999     2.84G  0.008072  0.001233  0.005988   0.01529        48       640    0.2005    0.9959    0.2369    0.2129  0.004008 0.0005928  0.002954
    55/999     2.84G  0.007645  0.001204  0.005952    0.0148        43       640     0.209    0.8996    0.2483    0.2214  0.004334 0.0005712  0.002941
    56/999     2.85G  0.008067  0.001202  0.006048   0.01532        47       640    0.2131    0.8685    0.2513    0.2292  0.003981 0.0005008  0.002924
    57/999     2.85G  0.008221   0.00121  0.006005   0.01544        52       640    0.2199    0.8416    0.2571    0.2333   0.00388  0.000485  0.002907
    58/999     2.85G  0.007893   0.00122  0.005991    0.0151        44       640    0.2345    0.7969    0.2749    0.2485  0.003885 0.0005318  0.002885
    59/999     2.85G  0.007772  0.001213  0.005978   0.01496        38       640    0.2465    0.7892    0.3011     0.272  0.003773 0.0005905  0.002853
    60/999     2.85G  0.007781  0.001207   0.00595   0.01494        47       640    0.2494    0.7806    0.3017    0.2717  0.004002 0.0006264  0.002852
    61/999     2.85G  0.007567  0.001189  0.005936   0.01469        43       640    0.2615    0.7251    0.2948    0.2684  0.003936 0.0005841  0.002857
    62/999     2.85G  0.008194  0.001235   0.00597    0.0154        46       640    0.2568    0.7758    0.3001    0.2712  0.004004 0.0005103  0.002849
    63/999     2.85G  0.007815  0.001208  0.005928   0.01495        39       640    0.2613    0.7627    0.3112    0.2812  0.003909 0.0005571  0.002821
    64/999     2.85G  0.007724  0.001193  0.005938   0.01486        49       640    0.2668    0.7727    0.3155    0.2875  0.003664 0.0005337  0.002799
    65/999     2.85G  0.007579  0.001196  0.005875   0.01465        42       640    0.2635    0.7257    0.3003    0.2747  0.003803 0.0004902  0.002828
    66/999     2.85G  0.007994  0.001225  0.005938   0.01516        47       640    0.2734    0.7541    0.3137    0.2852  0.003892 0.0005459  0.002827
    67/999     2.85G  0.007407  0.001185   0.00593   0.01452        39       640    0.2713    0.7509    0.3126    0.2841   0.00391 0.0004946  0.002812
    68/999     2.85G  0.007722  0.001196  0.005923   0.01484        39       640    0.2723    0.7342    0.3085    0.2872  0.003522 0.0004582  0.002808
    69/999     2.85G  0.008499  0.001216  0.006025   0.01574        36       640    0.2836    0.7346     0.317    0.2911   0.00374 0.0004819  0.002806
    70/999     2.85G  0.007566  0.001201  0.005859   0.01463        46       640    0.2912    0.7048    0.3279    0.3019  0.003598 0.0004866  0.002801
    71/999     2.85G  0.007846  0.001211  0.005865   0.01492        38       640    0.2754    0.7067    0.3123    0.2812  0.004261 0.0005109   0.00282
    72/999     2.85G  0.007768  0.001194  0.005875   0.01484        50       640    0.2901    0.7347    0.3307    0.3035  0.003589 0.0005462  0.002779
    73/999     2.85G    0.0073   0.00119   0.00583   0.01432        38       640     0.287    0.7446    0.3252    0.2961  0.003753 0.0005431  0.002796
    74/999     2.85G  0.007383  0.001177   0.00585   0.01441        32       640    0.2802    0.7777    0.3274    0.2992  0.003787 0.0004941  0.002788
    75/999     2.85G  0.007654  0.001195  0.005903   0.01475        41       640    0.2923    0.7796      0.34    0.3098  0.003907 0.0005333  0.002784
    76/999     2.85G  0.007104  0.001181  0.005803   0.01409        30       640    0.2944     0.756    0.3454    0.3163  0.003998  0.000482  0.002768
    77/999     2.85G  0.007403  0.001174  0.005792   0.01437        37       640    0.2788    0.8613    0.3443    0.3109  0.004234 0.0004842  0.002813
    78/999     2.85G   0.00797    0.0012  0.005943   0.01511        35       640    0.2919    0.7745    0.3469    0.3145  0.004064 0.0005392  0.002743
    79/999     2.85G  0.007654  0.001175  0.005815   0.01464        52       640    0.2996    0.7686    0.3479    0.3203  0.003711 0.0004798  0.002768
    80/999     2.85G  0.007665  0.001185  0.005836   0.01469        41       640    0.2904    0.8079    0.3445    0.3211  0.003628 0.0004233  0.002758
    81/999     2.85G  0.007505  0.001155  0.005834   0.01449        45       640    0.3022    0.7602    0.3538    0.3279   0.00378 0.0004779  0.002734
    82/999     2.85G  0.007814  0.001167  0.005797   0.01478        33       640    0.2985     0.779    0.3559    0.3268  0.003774  0.000489  0.002734
    83/999     2.85G  0.007786  0.001172  0.005788   0.01475        42       640    0.3042    0.7712     0.359    0.3259  0.003983 0.0005315   0.00272
    84/999     2.85G  0.007585  0.001173  0.005825   0.01458        40       640    0.3011     0.788    0.3548    0.3285  0.003705 0.0004953  0.002718
    85/999     2.85G  0.007498  0.001164  0.005735    0.0144        46       640    0.3163    0.7357    0.3629    0.3327  0.003718 0.0005247  0.002728
    86/999     2.85G  0.007686  0.001175  0.005756   0.01462        43       640    0.3102    0.8005    0.3675    0.3347   0.00391 0.0005334  0.002736
    87/999     2.85G  0.007775  0.001168  0.005777   0.01472        40       640    0.3012     0.758    0.3553    0.3253  0.003798 0.0004652  0.002712
    88/999     2.85G  0.007573  0.001156  0.005733   0.01446        42       640    0.3165    0.7331    0.3669    0.3364   0.00372 0.0005152  0.002697
    89/999     2.85G   0.00766  0.001164  0.005705   0.01453        50       640    0.3286    0.6466    0.3612    0.3314  0.003751 0.0004605  0.002714
    90/999     2.85G  0.007237  0.001164  0.005694    0.0141        39       640     0.314    0.7111    0.3614    0.3315  0.003804 0.0004712  0.002709
    91/999     2.85G  0.007847  0.001173   0.00572   0.01474        50       640    0.3032    0.8173    0.3631    0.3343   0.00367  0.000466  0.002714
    92/999     2.85G  0.007861  0.001179  0.005783   0.01482        50       640    0.3135    0.7785    0.3654    0.3316  0.004035 0.0005581  0.002697
    93/999     2.85G  0.007259  0.001145  0.005713   0.01412        47       640    0.3056    0.8277    0.3671    0.3358  0.003837 0.0005653  0.002679
    94/999     2.85G  0.007962   0.00118   0.00581   0.01495        35       640    0.3213    0.7874    0.3733    0.3416  0.003848  0.000539  0.002684
    95/999     2.85G  0.007351  0.001166   0.00569   0.01421        42       640    0.3243    0.7689    0.3776    0.3488   0.00375 0.0005444  0.002682
    96/999     2.85G  0.007412  0.001163  0.005706   0.01428        46       640    0.3199    0.7883    0.3827    0.3487  0.003862 0.0005425  0.002661
    97/999     2.85G  0.007625   0.00116  0.005733   0.01452        44       640    0.3146    0.8157    0.3825    0.3492  0.003825 0.0005107  0.002664
    98/999     2.85G  0.007494  0.001139  0.005682   0.01431        40       640    0.3105    0.8306    0.3765    0.3471  0.003678 0.0004945  0.002659
    99/999     2.85G  0.007547  0.001149  0.005714   0.01441        45       640    0.3161    0.8177    0.3789    0.3504  0.003533  0.000507  0.002661
   100/999     2.85G     0.007  0.001147  0.005613   0.01376        42       640    0.3232    0.8031    0.3829    0.3524  0.003628 0.0005344  0.002681
   101/999     2.85G  0.007109  0.001134   0.00564   0.01388        40       640    0.3297    0.7743    0.3838    0.3525  0.003667 0.0005164  0.002655
   102/999     2.85G  0.007648  0.001144  0.005734   0.01453        42       640    0.3203      0.82    0.3834    0.3544  0.003475 0.0005192  0.002686
   103/999     2.85G  0.007171  0.001146  0.005599   0.01392        48       640     0.325    0.8047    0.3898     0.358  0.003638 0.0005164  0.002637
   104/999     2.85G  0.007384  0.001164  0.005629   0.01418        41       640    0.3469    0.7088    0.3915    0.3598  0.003665 0.0005047  0.002635
   105/999     2.85G  0.007454  0.001171  0.005666   0.01429        41       640     0.323    0.7969     0.393    0.3634  0.003573 0.0004911  0.002624
   106/999     2.85G  0.007602  0.001202  0.005703   0.01451        42       640    0.3278    0.7722    0.3945    0.3678  0.003396  0.000465  0.002639
   107/999     2.85G  0.007328  0.001167  0.005703    0.0142        40       640    0.3324    0.7471    0.3967    0.3651  0.003624 0.0004601  0.002641
   108/999     2.85G  0.007281  0.001159  0.005622   0.01406        41       640    0.3304    0.7689    0.3971    0.3675  0.003576 0.0004576  0.002633
   109/999     2.85G  0.006994  0.001161  0.005552   0.01371        41       640    0.3444    0.6948     0.398    0.3666  0.003613 0.0004807  0.002637
   110/999     2.85G  0.007408  0.001159  0.005645   0.01421        30       640    0.3427    0.7314    0.3998    0.3665  0.003806 0.0005167  0.002645
   111/999     2.85G  0.007491  0.001156  0.005641   0.01429        31       640    0.3297     0.814    0.4002    0.3664  0.003795  0.000543  0.002644
   112/999     2.85G  0.007927   0.00117  0.005712   0.01481        40       640     0.328    0.8088    0.3958    0.3636  0.003797 0.0005291  0.002676
   113/999     2.85G  0.007361  0.001126  0.005634   0.01412        44       640     0.332    0.7899    0.4006    0.3687  0.003692 0.0005239  0.002636
   114/999     2.85G  0.007309  0.001158  0.005665   0.01413        47       640    0.3531    0.6957     0.406    0.3715  0.003834 0.0005388   0.00263
   115/999     2.85G  0.007028  0.001138  0.005602   0.01377        35       640    0.3486    0.7091     0.404    0.3713  0.003733 0.0005158  0.002641
   116/999     2.85G  0.007179  0.001128  0.005656   0.01396        33       640    0.3372    0.7712    0.4079    0.3755  0.003628 0.0005173  0.002639
   117/999     2.85G  0.007398  0.001137  0.005673   0.01421        46       640    0.3273    0.8256    0.4078    0.3746   0.00364 0.0005158  0.002644
   118/999     2.85G  0.007393  0.001156  0.005624   0.01417        42       640     0.339     0.771    0.4098    0.3766   0.00366 0.0005133  0.002645
   119/999     2.85G  0.007116  0.001151  0.005572   0.01384        44       640    0.3408    0.7723    0.4103    0.3734  0.003854 0.0005069  0.002646
   120/999     2.85G   0.00712  0.001113   0.00561   0.01384        40       640    0.3342    0.7927    0.4101    0.3765  0.003769 0.0005011  0.002646
   121/999     2.85G  0.007526  0.001144  0.005685   0.01435        37       640    0.3504    0.7115    0.4114    0.3796  0.003735 0.0004853  0.002618
   122/999     2.85G  0.006845  0.001142  0.005576   0.01356        31       640    0.3503    0.7117    0.4104    0.3797  0.003684  0.000468  0.002619
   123/999     2.85G  0.007473  0.001143  0.005722   0.01434        38       640    0.3543    0.6911    0.4099    0.3798  0.003699 0.0004625  0.002623
   124/999     2.85G  0.007023  0.001126  0.005573   0.01372        48       640    0.3582    0.6953    0.4082    0.3788  0.003609 0.0004766  0.002634
   125/999     2.85G  0.007433  0.001142   0.00571   0.01429        38       640    0.3491    0.7191    0.4088    0.3801  0.003585  0.000484  0.002627
   126/999     2.85G   0.00744  0.001197  0.005602   0.01424        40       640    0.3185    0.8343    0.4009    0.3666  0.003892 0.0005008  0.002659
   127/999     2.85G  0.006836  0.001126  0.005588   0.01355        34       640    0.3478    0.7156    0.4028     0.367  0.004021 0.0005103   0.00265
   128/999     2.85G  0.006973  0.001156  0.005584   0.01371        40       640    0.3369    0.7691    0.4049    0.3692  0.003975 0.0005053   0.00265
   129/999     2.85G  0.007021  0.001143  0.005574   0.01374        41       640    0.3496    0.7263    0.4085     0.373  0.003918  0.000505  0.002641
   130/999     2.85G  0.007105  0.001131  0.005555   0.01379        35       640    0.3366    0.7751    0.4091    0.3733  0.003942 0.0005098  0.002646
   131/999     2.85G  0.007247  0.001129  0.005616   0.01399        33       640    0.3269    0.8344    0.4139    0.3784  0.003856 0.0005146  0.002626
   132/999     2.85G  0.006806    0.0011   0.00557   0.01348        46       640    0.3539    0.7183    0.4148    0.3795  0.003831 0.0005211  0.002622
   133/999     2.85G  0.007257  0.001122  0.005601   0.01398        37       640    0.3447    0.7673    0.4185    0.3827  0.003805 0.0005103  0.002615
   134/999     2.85G  0.007314  0.001125  0.005599   0.01404        48       640    0.3624    0.7075    0.4191    0.3833  0.003796 0.0005033  0.002615
   135/999     2.85G  0.007187  0.001115  0.005621   0.01392        43       640    0.3423    0.7906    0.4211    0.3855   0.00378 0.0005011  0.002613
   136/999     2.85G  0.007541  0.001145  0.005622   0.01431        36       640    0.3404    0.7955    0.4219    0.3852  0.003829  0.000497  0.002612
   137/999     2.85G  0.006998  0.001151  0.005544   0.01369        53       640    0.3454    0.7728    0.4229     0.386  0.003828 0.0004873  0.002607
   138/999     2.85G  0.007241  0.001138  0.005585   0.01396        55       640    0.3427    0.7816    0.4246    0.3878  0.003818 0.0004788  0.002598
   139/999     2.85G  0.007087  0.001119  0.005573   0.01378        38       640    0.3357    0.8122    0.4257    0.3881  0.003876   0.00048  0.002595
   140/999     2.85G  0.006937  0.001135  0.005556   0.01363        41       640    0.3464    0.7586    0.4269    0.3889  0.003881 0.0004808  0.002592
   141/999     2.85G  0.007352  0.001134  0.005595   0.01408        54       640    0.3383    0.8074    0.4282    0.3902    0.0039 0.0004851  0.002587
   142/999     2.85G  0.007474  0.001105  0.005615   0.01419        47       640    0.3423    0.7948    0.4278    0.3901  0.003864 0.0004874  0.002588
   143/999     2.85G  0.007083  0.001143  0.005619   0.01385        43       640    0.3415    0.7979    0.4285    0.3909  0.003869 0.0004915  0.002586
   144/999     2.85G   0.00696  0.001101  0.005555   0.01362        48       640    0.3421    0.7965    0.4294    0.3923  0.003822 0.0004902  0.002584
   145/999     2.85G  0.007262  0.001125  0.005585   0.01397        49       640    0.3441    0.7905    0.4317    0.3949  0.003798 0.0004849  0.002577
   146/999     2.85G  0.006889  0.001111  0.005525   0.01353        41       640    0.3383    0.8172    0.4325     0.396   0.00379 0.0004901   0.00258
   147/999     2.85G  0.006945  0.001113  0.005554   0.01361        45       640    0.3456     0.789     0.434    0.3973  0.003782 0.0004946  0.002579
   148/999     2.85G  0.007308  0.001112  0.005621   0.01404        35       640    0.3463    0.7826     0.435    0.3988  0.003766 0.0004921  0.002576
   149/999     2.85G  0.006888  0.001108  0.005549   0.01355        31       640    0.3465    0.7843     0.435    0.3987  0.003744 0.0004914  0.002574
   150/999     2.85G  0.006766  0.001122  0.005556   0.01344        48       640    0.3406    0.8129    0.4347    0.3985   0.00374  0.000496  0.002576
   151/999     2.85G  0.006962   0.00111   0.00561   0.01368        42       640    0.3464    0.7853    0.4368       0.4  0.003773 0.0005009  0.002573
   152/999     2.85G  0.007368  0.001116  0.005622   0.01411        47       640      0.34    0.8255    0.4368    0.3998  0.003777  0.000505  0.002571
   153/999     2.85G  0.007267  0.001106  0.005533   0.01391        45       640    0.3413    0.8177    0.4378    0.4006  0.003826 0.0005058  0.002568
   154/999     2.85G  0.007277  0.001113  0.005576   0.01397        40       640    0.3581     0.744     0.438    0.4008  0.003816 0.0005072  0.002571
   155/999     2.85G   0.00734  0.001137  0.005569   0.01405        41       640    0.3458    0.8018    0.4391    0.4021  0.003792 0.0005109  0.002573
   156/999     2.85G  0.006918  0.001116  0.005538   0.01357        42       640    0.3474    0.7974    0.4393    0.4021  0.003795 0.0005077  0.002572
   157/999     2.85G  0.006856  0.001127  0.005504   0.01349        39       640    0.3522    0.7728    0.4393    0.4019  0.003795  0.000509  0.002572
   158/999     2.85G  0.006878  0.001107  0.005545   0.01353        44       640    0.3526    0.7737    0.4399    0.4032  0.003768  0.000506  0.002571
   159/999     2.85G  0.006971  0.001098  0.005501   0.01357        42       640     0.355     0.767    0.4408    0.4036  0.003775 0.0005073  0.002572
   160/999     2.85G  0.007041  0.001114  0.005602   0.01376        39       640    0.3569    0.7571    0.4411    0.4043  0.003759 0.0005033  0.002572
   161/999     2.85G  0.007408  0.001221  0.005544   0.01417        36       640    0.3575    0.7562    0.4399    0.4029  0.003767 0.0005028  0.002575
   162/999     2.85G  0.007355  0.001158  0.005526   0.01404        55       640    0.3586    0.7492    0.4396    0.4018  0.003833 0.0005093  0.002578
   163/999     2.85G  0.007295  0.001144  0.005614   0.01405        52       640    0.3521    0.7801    0.4389    0.4005  0.003865 0.0005124  0.002578
   164/999     2.85G  0.007003  0.001118  0.005543   0.01366        44       640    0.3556    0.7554    0.4382    0.3994  0.003897  0.000512  0.002582
   165/999     2.85G  0.006819  0.001107   0.00552   0.01345        40       640    0.3503    0.7856     0.438    0.3993  0.003907  0.000509   0.00258
   166/999     2.85G  0.006915  0.001105  0.005548   0.01357        42       640    0.3607    0.7452    0.4386    0.3996  0.003919 0.0005069  0.002578
   167/999     2.85G  0.006855  0.001114  0.005507   0.01348        47       640    0.3544    0.7719    0.4393    0.4006  0.003905 0.0005075  0.002578
   168/999     2.85G  0.007605  0.001116  0.005607   0.01433        45       640    0.3545    0.7794    0.4401    0.4013  0.003891  0.000505  0.002578
   169/999     2.85G  0.007196  0.001115   0.00556   0.01387        39       640     0.357    0.7696    0.4412    0.4027  0.003899 0.0005037  0.002575
   170/999     2.85G  0.006908  0.001105  0.005545   0.01356        45       640    0.3568    0.7653    0.4415    0.4024  0.003929  0.000505  0.002579
   171/999     2.85G  0.006895  0.001101  0.005518   0.01351        41       640    0.3569    0.7628    0.4414    0.4024  0.003915 0.0005031  0.002575
   172/999     2.85G  0.007269  0.001101  0.005592   0.01396        38       640    0.3558    0.7707    0.4422    0.4028  0.003922  0.000503  0.002573
   173/999     2.85G  0.007063  0.001093  0.005533   0.01369        49       640    0.3561    0.7693    0.4432    0.4043   0.00392 0.0005012  0.002572
   174/999     2.85G   0.00663  0.001098  0.005497   0.01323        48       640    0.3541    0.7741    0.4429    0.4035  0.003944 0.0005002  0.002572
   175/999     2.85G  0.006786  0.001123  0.005484   0.01339        38       640    0.3549    0.7686    0.4435    0.4049  0.003914 0.0004914   0.00257
   176/999     2.85G  0.006807  0.001098  0.005464   0.01337        39       640    0.3593    0.7497    0.4426    0.4045  0.003895 0.0004817  0.002564
   177/999     2.85G  0.006653  0.001096  0.005523   0.01327        33       640    0.3627    0.7352    0.4425     0.405  0.003872 0.0004753  0.002562
   178/999     2.85G  0.007011  0.001092  0.005498    0.0136        34       640    0.3549    0.7636    0.4423    0.4048  0.003861  0.000473  0.002562
   179/999     2.85G  0.006893  0.001105  0.005556   0.01355        36       640    0.3549    0.7711    0.4429    0.4057  0.003851 0.0004692   0.00256
   180/999     2.85G    0.0067  0.001085  0.005534   0.01332        35       640    0.3563    0.7696    0.4439    0.4063  0.003874 0.0004653  0.002558
   181/999     2.85G  0.007018  0.001081  0.005553   0.01365        42       640    0.3548    0.7749    0.4439    0.4061   0.00388 0.0004639  0.002558
   182/999     2.85G  0.006851  0.001092   0.00552   0.01346        34       640    0.3554    0.7702    0.4444    0.4069  0.003875 0.0004616  0.002558
   183/999     2.85G  0.006603  0.001087  0.005523   0.01321        44       640    0.3673    0.7267    0.4442    0.4065  0.003882 0.0004591  0.002558
   184/999     2.85G  0.006943  0.001091  0.005461    0.0135        30       640    0.3665    0.7353    0.4454    0.4072  0.003886 0.0004581  0.002557
   185/999     2.85G  0.006964   0.00111  0.005493   0.01357        42       640    0.3574    0.7675    0.4453    0.4073  0.003895  0.000458  0.002557
   186/999     2.85G  0.006943  0.001084  0.005553   0.01358        41       640    0.3581    0.7665    0.4461    0.4076  0.003909 0.0004583  0.002557
   187/999     2.85G  0.006537  0.001083   0.00545   0.01307        33       640    0.3599     0.766    0.4457    0.4072  0.003911 0.0004587  0.002557
   188/999     2.85G  0.007045  0.001102  0.005526   0.01367        34       640    0.3596    0.7649     0.447    0.4082  0.003909 0.0004591  0.002555
   189/999     2.85G  0.006985  0.001077   0.00546   0.01352        50       640    0.3605    0.7662    0.4465    0.4074  0.003919 0.0004598  0.002556
   190/999     2.85G  0.006743  0.001089  0.005482   0.01331        40       640    0.3596    0.7631    0.4466    0.4073  0.003934 0.0004607  0.002556
   191/999     2.85G  0.007277  0.001098  0.005517   0.01389        43       640    0.3617     0.754    0.4471    0.4076   0.00394 0.0004612  0.002555
   192/999     2.85G  0.006833  0.001084   0.00552   0.01344        38       640    0.3596    0.7649    0.4477     0.408  0.003934 0.0004617  0.002553
   193/999     2.85G  0.006764  0.001096  0.005443    0.0133        45       640    0.3592    0.7629    0.4479    0.4084  0.003935 0.0004611  0.002553
   194/999     2.85G   0.00679  0.001088  0.005498   0.01338        42       640    0.3699    0.7281    0.4484    0.4089  0.003939 0.0004603  0.002552
   195/999     2.85G  0.007173  0.001081   0.00551   0.01376        38       640     0.364    0.7455    0.4494    0.4097  0.003939 0.0004596  0.002551
   196/999     2.85G  0.006744   0.00108   0.00546   0.01328        41       640    0.3706    0.7291    0.4495    0.4095  0.003944 0.0004605   0.00255
   197/999     2.85G  0.006932  0.001079  0.005475   0.01349        40       640    0.3662    0.7406    0.4501    0.4098  0.003978 0.0004599   0.00255
   198/999     2.85G  0.006566  0.001101  0.005478   0.01314        35       640    0.3697    0.7281    0.4505    0.4099  0.004012 0.0004602  0.002549
   199/999     2.85G  0.006583  0.001071  0.005448    0.0131        48       640    0.3617    0.7603    0.4508    0.4099  0.004025 0.0004596  0.002548
   200/999     2.85G  0.006924  0.001075  0.005478   0.01348        37       640    0.3591    0.7658    0.4509    0.4097  0.004019 0.0004587  0.002549
   201/999     2.85G  0.007049  0.001094  0.005504   0.01365        44       640    0.3597    0.7644    0.4516    0.4104  0.004017 0.0004583  0.002549
   202/999     2.85G   0.00723  0.001112  0.005563    0.0139        51       640    0.3557    0.7801    0.4515    0.4102  0.004027 0.0004575  0.002549
   203/999     2.85G  0.006542  0.001066  0.005461   0.01307        40       640     0.362    0.7523    0.4517    0.4102  0.004033 0.0004581  0.002548
   204/999     2.85G  0.006847  0.001084   0.00544   0.01337        41       640    0.3547     0.785    0.4517    0.4097  0.004043 0.0004579  0.002548
   205/999     2.85G  0.006826  0.001081  0.005503   0.01341        42       640    0.3604    0.7581    0.4524    0.4101  0.004048 0.0004586  0.002547
   206/999     2.85G  0.007118  0.001081  0.005475   0.01367        45       640    0.3632    0.7477    0.4527    0.4099  0.004057 0.0004592  0.002547
   207/999     2.85G  0.006864  0.001098  0.005537    0.0135        47       640    0.3551    0.7799    0.4528    0.4098  0.004066 0.0004595  0.002546
   208/999     2.85G  0.006663  0.001086  0.005446   0.01319        38       640    0.3619    0.7552    0.4532    0.4102  0.004066 0.0004592  0.002546
   209/999     2.85G  0.006619  0.001075  0.005424   0.01312        50       640    0.3622    0.7545    0.4531    0.4104  0.004069 0.0004591  0.002546
   210/999     2.85G  0.006667  0.001082  0.005479   0.01323        39       640    0.3621    0.7508    0.4528    0.4101  0.004076 0.0004582  0.002546
   211/999     2.85G  0.006859  0.001074  0.005512   0.01345        35       640     0.364    0.7427    0.4529    0.4099  0.004082 0.0004588  0.002547
   212/999     2.85G  0.006573  0.001081  0.005448    0.0131        38       640    0.3557    0.7759    0.4531    0.4101  0.004081 0.0004578  0.002547
   213/999     2.85G  0.006546  0.001067  0.005497   0.01311        53       640    0.3635    0.7503    0.4535    0.4105  0.004084  0.000458  0.002546
   214/999     2.85G  0.006585  0.001088  0.005434   0.01311        34       640    0.3635    0.7513    0.4537    0.4106  0.004081 0.0004586  0.002547
   215/999     2.85G  0.006699  0.001068  0.005469   0.01324        36       640    0.3572    0.7757    0.4536      0.41  0.004089 0.0004594  0.002548
   216/999     2.85G  0.006833  0.001098  0.005414   0.01335        43       640    0.3571    0.7752    0.4534    0.4101  0.004087 0.0004591  0.002549
   217/999     2.85G  0.007095  0.001116  0.005481   0.01369        48       640     0.355    0.7798     0.453    0.4093  0.004119 0.0004593  0.002551
   218/999     2.85G  0.007139  0.001127  0.005598   0.01386        46       640    0.3558    0.7778    0.4526    0.4091  0.004136 0.0004596  0.002551
   219/999     2.85G  0.006584  0.001087  0.005471   0.01314        42       640    0.3558    0.7741    0.4532    0.4093  0.004158 0.0004599  0.002551
   220/999     2.85G  0.006941  0.001093  0.005503   0.01354        45       640    0.3556    0.7725    0.4533    0.4091  0.004158 0.0004597  0.002552
   221/999     2.85G  0.006822  0.001085  0.005491    0.0134        35       640    0.3607    0.7529    0.4536    0.4089  0.004178   0.00046  0.002551
   222/999     2.85G  0.006987  0.001078  0.005505   0.01357        33       640     0.362    0.7518    0.4541    0.4089  0.004195 0.0004599   0.00255
   223/999     2.85G  0.006932  0.001088  0.005528   0.01355        40       640    0.3615    0.7491    0.4533    0.4082  0.004211 0.0004603  0.002551
   224/999     2.85G  0.007149  0.001118  0.005499   0.01377        45       640    0.3461    0.8188    0.4535    0.4082  0.004229 0.0004606  0.002552
   225/999     2.85G  0.006422  0.001084  0.005434   0.01294        43       640    0.3574    0.7621    0.4536    0.4084  0.004236 0.0004608  0.002552
   226/999     2.85G  0.006743  0.001082  0.005503   0.01333        35       640    0.3577    0.7614    0.4539    0.4083   0.00425 0.0004615  0.002552
   227/999     2.85G  0.006738  0.001051  0.005534   0.01332        36       640    0.3751    0.7068    0.4543    0.4089  0.004254 0.0004615  0.002551
   228/999     2.85G  0.006315  0.001077  0.005372   0.01276        48       640    0.3755    0.7063    0.4541    0.4085  0.004253 0.0004614  0.002551
   229/999     2.85G  0.006803  0.001064  0.005477   0.01334        42       640    0.3608    0.7492    0.4548    0.4091   0.00426 0.0004616   0.00255
   230/999     2.85G  0.006712  0.001059  0.005499   0.01327        50       640    0.3619     0.751    0.4551    0.4093  0.004272 0.0004613  0.002549
   231/999     2.85G  0.006829   0.00107  0.005434   0.01333        43       640    0.3601    0.7558    0.4542    0.4084  0.004288 0.0004615  0.002549
   232/999     2.85G  0.006489   0.00106  0.005425   0.01297        45       640    0.3633    0.7442    0.4544    0.4083  0.004308  0.000461  0.002549
   233/999     2.85G  0.006872  0.001055  0.005442   0.01337        38       640    0.3494    0.8047     0.454    0.4079  0.004326 0.0004611  0.002549
   234/999     2.85G  0.006853  0.001059  0.005456   0.01337        42       640    0.3497    0.8036     0.454    0.4079  0.004336 0.0004612  0.002549
   235/999     2.85G  0.006762  0.001076    0.0055   0.01334        39       640    0.3601    0.7554    0.4546    0.4084  0.004338  0.000461  0.002549
   236/999     2.85G  0.006558  0.001046  0.005479   0.01308        44       640    0.3608    0.7533    0.4545    0.4081  0.004349 0.0004605  0.002549
   237/999     2.85G  0.006936   0.00106  0.005535   0.01353        38       640    0.3475    0.8147    0.4538    0.4074  0.004374 0.0004595  0.002548
   238/999     2.85G  0.006653  0.001068  0.005494   0.01321        49       640    0.3598     0.757    0.4539    0.4073  0.004374  0.000458  0.002548
   239/999     2.85G  0.007239  0.001101  0.005544   0.01388        32       640    0.3608    0.7534    0.4539    0.4073  0.004391 0.0004563  0.002548
   240/999     2.85G  0.006534   0.00105  0.005468   0.01305        34       640     0.357    0.7683    0.4543    0.4076  0.004396 0.0004558  0.002547
   241/999     2.85G  0.006638  0.001069  0.005444   0.01315        47       640     0.362    0.7515    0.4538    0.4068  0.004407 0.0004541  0.002547
   242/999     2.85G  0.006641  0.001068  0.005441   0.01315        31       640    0.3627    0.7476    0.4542    0.4072  0.004423  0.000453  0.002547
   243/999     2.85G   0.00672  0.001056  0.005459   0.01323        41       640    0.3486    0.8099    0.4542    0.4071  0.004433 0.0004519  0.002547
   244/999     2.85G  0.006721   0.00106   0.00543   0.01321        40       640    0.3644    0.7424    0.4539     0.407  0.004444 0.0004512  0.002547
   245/999     2.85G  0.006848  0.001077  0.005463   0.01339        43       640     0.362    0.7518     0.454    0.4072  0.004448 0.0004503  0.002546
   246/999     2.85G  0.006652  0.001045  0.005485   0.01318        41       640    0.3646    0.7408    0.4543    0.4075  0.004446 0.0004494  0.002545
   247/999     2.85G  0.006457  0.001063  0.005425   0.01294        47       640    0.3633    0.7482    0.4545    0.4074  0.004451 0.0004493  0.002545
   248/999     2.85G  0.006454  0.001039  0.005425   0.01292        40       640    0.3644    0.7461    0.4546    0.4077  0.004446 0.0004482  0.002545
   249/999     2.85G  0.006819  0.001073  0.005496   0.01339        42       640    0.3646    0.7446    0.4546    0.4077  0.004451 0.0004485  0.002544
   250/999     2.85G  0.006679  0.001082  0.005391   0.01315        39       640    0.3684    0.7322    0.4551    0.4079  0.004454 0.0004487  0.002543
   251/999     2.85G  0.007183  0.001092  0.005489   0.01376        36       640    0.3678    0.7319    0.4547    0.4078  0.004446 0.0004488  0.002544
   252/999     2.85G  0.006516   0.00109  0.005479   0.01308        44       640    0.3732    0.7168    0.4554    0.4084  0.004453 0.0004496  0.002543
   253/999     2.85G   0.00686  0.001073  0.005479   0.01341        47       640    0.3736    0.7155    0.4557    0.4085  0.004462 0.0004495  0.002543
   254/999     2.85G  0.006576  0.001076   0.00548   0.01313        45       640     0.348    0.8194     0.456    0.4087   0.00447 0.0004492  0.002542
   255/999     2.85G  0.006813  0.001071  0.005456   0.01334        42       640     0.365    0.7445    0.4563    0.4088  0.004484 0.0004491  0.002542
   256/999     2.85G   0.00676  0.001062  0.005446   0.01327        42       640    0.3491    0.8162    0.4561    0.4087  0.004506 0.0004494  0.002542
   257/999     2.85G  0.006478  0.001054  0.005441   0.01297        36       640    0.3497    0.8147    0.4563    0.4087  0.004515 0.0004493  0.002543
   258/999     2.85G  0.006833  0.001085  0.005466   0.01338        41       640    0.3646     0.745    0.4565     0.409   0.00452 0.0004491  0.002542
   259/999     2.85G  0.006587   0.00105  0.005433   0.01307        51       640     0.366    0.7422    0.4562    0.4087  0.004527 0.0004489  0.002543
   260/999     2.85G  0.006318  0.001062  0.005376   0.01276        29       640    0.3667    0.7391    0.4563    0.4088  0.004533 0.0004488  0.002542
   261/999     2.85G  0.006593  0.001062  0.005456   0.01311        43       640    0.3508    0.8066    0.4566    0.4088  0.004539 0.0004492  0.002542
   262/999     2.85G  0.006606  0.001065  0.005413   0.01308        45       640    0.3494    0.8122    0.4566    0.4088  0.004548 0.0004497  0.002542
   263/999     2.85G  0.006728  0.001074   0.00547   0.01327        43       640    0.3568    0.7797    0.4568     0.409  0.004546 0.0004496  0.002541
   264/999     2.85G   0.00682  0.001042  0.005449   0.01331        40       640    0.3553    0.7842    0.4569    0.4088   0.00456 0.0004491  0.002541
