     0/999     0.38G   0.02825   0.01373   0.02366   0.06564        15       640  0.006359    0.9492   0.00948  0.001823   0.01113  0.005936   0.01514
     1/999     4.82G   0.02627  0.008315   0.02337   0.05795        14       640   0.01103    0.9712   0.01656  0.003247   0.01009   0.00483   0.01506
     2/999     5.28G   0.02426  0.007939   0.02242   0.05462        17       640   0.01084    0.9948   0.03153  0.007803  0.009224  0.004521   0.01497
     3/999     5.29G    0.0214  0.007929   0.02228   0.05161        14       640  0.009712    0.9995    0.1157   0.03899  0.008825  0.004309   0.01507
     4/999     5.29G   0.02086  0.008226    0.0237   0.05279        15       640   0.08206    0.4244   0.09429   0.03465  0.009737  0.004025   0.01503
     5/999     5.29G   0.01727  0.007751   0.02267   0.04769        12       640   0.04607    0.7315   0.04828   0.01175  0.006744  0.004258   0.01505
     6/999     5.29G   0.01546  0.007304   0.02218   0.04494        12       640    0.1491    0.7111    0.1545   0.06165  0.005917  0.004106   0.01508
     7/999     5.29G    0.0142  0.006002   0.02219   0.04239        14       640    0.1943    0.9041    0.2098    0.1299  0.004858  0.003013   0.01509
     8/999     5.29G   0.01312  0.005072   0.02266   0.04085        12       640     0.199    0.9457    0.2158    0.1718  0.004587  0.002443   0.01502
     9/999     5.29G   0.01195  0.004617   0.02249   0.03906        15       640    0.2001    0.9909    0.2173    0.1779  0.004179  0.002299     0.015
    10/999     5.29G   0.01134   0.00417   0.02335   0.03886        15       640       0.2     0.986    0.2157    0.1837    0.0038  0.002703   0.01501
    11/999     5.29G  0.009256  0.003827   0.02117   0.03426        17       640    0.2002    0.9957     0.214    0.1885  0.003826  0.002057   0.01494
    12/999     5.29G  0.008753  0.003545   0.02145   0.03374        12       640    0.1998    0.9969    0.2148    0.2008  0.002627   0.00183     0.015
    13/999     5.29G  0.008996  0.003115   0.02177   0.03388        14       640    0.2008    0.9843    0.2193    0.2034  0.003463  0.001786   0.01491
    14/999     5.29G  0.008377  0.002997   0.02222    0.0336        12       640    0.2002    0.9952     0.221    0.2114  0.003131  0.001887   0.01495
    15/999     5.29G  0.008129  0.002852   0.02187   0.03285        18       640    0.2009    0.9835    0.2263    0.2015  0.003763  0.001725   0.01498
    16/999     5.29G  0.007739  0.002836   0.02201   0.03259        16       640    0.2006    0.9874    0.2227     0.217  0.002731  0.001798   0.01495
    17/999     5.29G  0.008306  0.002654   0.02221   0.03317        18       640    0.2002    0.9984    0.2194    0.2155  0.002735  0.001739   0.01503
    18/999     5.29G  0.007341  0.002588   0.02163   0.03156        15       640    0.2002    0.9934    0.2193    0.2146  0.002744   0.00179     0.015
    19/999     5.29G  0.007552  0.002575   0.02272   0.03284        15       640    0.2005    0.9869    0.2246    0.2164  0.002728  0.001749     0.015
    20/999     5.29G  0.006256  0.002332   0.02102   0.02961        21       640       0.2     0.999    0.2232    0.2175  0.003022  0.001676     0.015
    21/999     5.29G  0.006716  0.002389   0.02164   0.03075        18       640    0.2006    0.9942    0.2242    0.2211   0.00264  0.001854     0.015
    22/999     5.29G  0.007055   0.00229   0.02246   0.03181        12       640    0.1999    0.9995    0.2267    0.2238  0.002656  0.001718   0.01503
    23/999     5.29G  0.007015  0.002306   0.02227   0.03159        15       640    0.2003     0.991    0.2266    0.2233   0.00275  0.001665   0.01504
    24/999     5.29G  0.006842  0.002297   0.02271   0.03185        16       640    0.2003    0.9931    0.2224    0.2192  0.002694   0.00169   0.01502
    25/999     5.29G  0.005549  0.002214   0.02121   0.02897        18       640    0.2007    0.9866    0.2236    0.2167  0.002798  0.001651     0.015
    26/999     5.29G  0.005843  0.002148   0.02183   0.02982        12       640    0.2001    0.9972     0.221     0.218  0.002654  0.001683   0.01504
    27/999     5.29G  0.005778   0.00214   0.02151   0.02943        13       640    0.2002    0.9962    0.2193    0.2153  0.002672    0.0018   0.01503
    28/999     5.29G  0.006486  0.002155   0.02279   0.03143        17       640    0.1999     0.999    0.2228    0.2194   0.00246  0.001872   0.01505
    29/999     5.29G   0.00575  0.002074   0.02154   0.02937        12       640    0.2021    0.9754    0.2214    0.2157  0.002508  0.001696   0.01502
    30/999     5.29G  0.005925   0.00206   0.02218   0.03016        14       640     0.203    0.9503    0.2217     0.218  0.002637  0.001707     0.015
    31/999     5.29G  0.005797  0.002042   0.02227   0.03011        17       640    0.2038    0.9552    0.2244    0.2214   0.00253  0.001744   0.01498
    32/999     5.29G  0.005554  0.001929   0.02178   0.02926        19       640    0.2006    0.9891    0.2255     0.223  0.002538  0.001571   0.01498
    33/999     5.29G  0.006413  0.001907   0.02229   0.03061        16       640    0.2008    0.9887    0.2258    0.2226  0.002537  0.001549   0.01496
    34/999     5.29G  0.005663  0.001934    0.0221    0.0297        13       640    0.2014    0.9848    0.2267     0.223  0.002499  0.001829   0.01498
    35/999     5.29G  0.006135  0.001944   0.02302    0.0311        16       640     0.203    0.9454    0.2271    0.2194  0.002757  0.001629   0.01498
    36/999     5.29G  0.005265  0.001862   0.02139   0.02852        15       640    0.2013    0.9839    0.2252    0.2217  0.002501   0.00156     0.015
    37/999     5.29G  0.005706  0.001877   0.02214   0.02972        13       640    0.2024    0.9665     0.222    0.2167  0.002498  0.001569     0.015
    38/999     5.29G  0.005336  0.001858   0.02205   0.02924        12       640    0.2031    0.9449    0.2272    0.2241  0.002333  0.001556   0.01499
    39/999     5.29G  0.005639  0.001847   0.02223   0.02971        18       640    0.2024    0.9738    0.2185    0.2154   0.00235  0.001451   0.01498
    40/999     5.29G  0.005526  0.001881   0.02301   0.03042        12       640    0.2035    0.9529    0.2269    0.2226  0.002543  0.001724   0.01502
    41/999     5.29G  0.005568  0.001755   0.02228    0.0296        14       640    0.2028     0.959    0.2235    0.2202  0.002284  0.001526   0.01498
    42/999     5.29G  0.005977  0.001744   0.02256   0.03028        15       640    0.2037    0.9388    0.2234    0.2193  0.002316  0.001528   0.01497
    43/999     5.29G  0.005562  0.001807   0.02291   0.03028        12       640    0.2013     0.977    0.2183    0.2148  0.002393  0.001477   0.01498
    44/999     5.29G  0.005098  0.001771   0.02216   0.02903        17       640     0.201    0.9849     0.226     0.219  0.002313  0.001598     0.015
    45/999     5.29G  0.005022   0.00179   0.02227   0.02909        15       640    0.2056    0.9288    0.2229    0.2196  0.002233  0.001407   0.01498
    46/999     5.29G  0.005039  0.001722   0.02209   0.02885        18       640    0.2011    0.9953    0.2242    0.2196  0.002403  0.001714   0.01501
    47/999     5.29G  0.004519  0.001658   0.02121   0.02738        12       640    0.2017    0.9862     0.222    0.2184  0.002107   0.00137   0.01501
    48/999     5.29G  0.004521  0.001626    0.0212   0.02735        12       640    0.2012    0.9874    0.2217    0.2182   0.00212  0.001429   0.01503
    49/999     5.29G  0.005412  0.001658    0.0224   0.02947        12       640    0.2055    0.9266    0.2276    0.2241  0.002289  0.001515   0.01503
    50/999     5.29G  0.005534  0.001677    0.0232   0.03041        16       640    0.2013    0.9879    0.2247     0.221  0.002231  0.001491     0.015
    51/999     5.29G  0.004721  0.001634   0.02172   0.02807        19       640       0.2     0.969     0.227    0.2156  0.002732  0.001671   0.01498
    52/999     5.29G   0.00509  0.001687   0.02269   0.02947        17       640    0.2031     0.957     0.221    0.2184  0.001961  0.001434   0.01497
    53/999     5.29G   0.00441  0.001677   0.02227   0.02836        13       640    0.2031    0.9499    0.2226    0.2195  0.001931  0.001456   0.01499
    54/999     5.29G   0.00495  0.001623    0.0227   0.02928        15       640    0.2013     0.986    0.2212    0.2179  0.001945   0.00152   0.01497
    55/999     5.29G  0.005244  0.001659   0.02266   0.02957        18       640    0.2022    0.9726    0.2181    0.2154  0.001879   0.00144   0.01496
    56/999     5.29G  0.004761  0.001608   0.02253    0.0289        13       640    0.2024     0.966    0.2201    0.2173  0.001837  0.001299   0.01496
    57/999     5.29G  0.004989   0.00159   0.02307   0.02965        13       640    0.2025    0.9561    0.2184     0.216  0.001924  0.001363   0.01496
    58/999     5.29G  0.005084  0.001654    0.0234   0.03014        18       640    0.2005    0.9955    0.2131    0.2097  0.001854  0.001368   0.01495
    59/999     5.29G  0.004106  0.001507   0.02116   0.02677        15       640    0.2002    0.9984    0.2232    0.2206  0.001638   0.00126   0.01496
    60/999     5.29G  0.004009  0.001532   0.02145   0.02699        17       640    0.2004    0.9969    0.2199    0.2173  0.001658  0.001395   0.01495
    61/999     5.29G  0.004476  0.001489    0.0223   0.02826        16       640    0.2002    0.9941    0.2234    0.2209  0.001595  0.001321   0.01495
    62/999     5.29G   0.00447  0.001551   0.02211   0.02813        15       640    0.2002    0.9981    0.2218    0.2195  0.001694  0.001346   0.01496
    63/999     5.29G  0.004261  0.001522   0.02241   0.02819        12       640    0.2001     0.999    0.2253    0.2222  0.001748  0.001335   0.01499
    64/999     5.29G  0.004198   0.00151   0.02238   0.02808        19       640    0.2074     0.924    0.2246    0.2217  0.001696  0.001344   0.01499
    65/999     5.29G  0.004202   0.00147   0.02147   0.02715        16       640    0.2011    0.9822    0.2238    0.2207  0.001682  0.001338     0.015
    66/999     5.29G  0.004521  0.001552   0.02263   0.02871        15       640    0.2001    0.9995    0.2233    0.2208  0.001692  0.001288   0.01501
    67/999     5.29G  0.004175  0.001427   0.02179   0.02739        22       640    0.2003    0.9968     0.227    0.2245  0.001761  0.001247   0.01501
    68/999     5.29G  0.003893  0.001458    0.0214   0.02675        19       640    0.2003    0.9984    0.2239    0.2215  0.001549  0.001295   0.01501
    69/999     5.29G  0.004315  0.001465   0.02262    0.0284        19       640     0.204    0.9428    0.2276     0.225  0.001824  0.001308   0.01501
    70/999     5.29G  0.004419  0.001498   0.02277   0.02869        16       640    0.2009    0.9942    0.2244    0.2216  0.001585  0.001311   0.01502
    71/999     5.29G  0.004293  0.001489   0.02212    0.0279        18       640    0.2037    0.9653    0.2223    0.2198   0.00159  0.001385   0.01502
    72/999     5.29G  0.003994  0.001428   0.02238    0.0278        14       640    0.2023    0.9786    0.2204    0.2174  0.001675  0.001405   0.01502
    73/999     5.29G  0.004592  0.001493   0.02301    0.0291        18       640    0.2034    0.9733    0.2219    0.2169  0.001703  0.001487   0.01502
    74/999     5.29G  0.004095  0.001426   0.02221   0.02773        13       640     0.203    0.9717    0.2182     0.215  0.001572  0.001396   0.01503
    75/999     5.29G  0.003878  0.001446   0.02286   0.02818        17       640    0.2072    0.9006     0.226    0.2232  0.001525  0.001415   0.01503
    76/999     5.29G  0.003939  0.001425   0.02232   0.02769        16       640     0.204    0.9733    0.2255    0.2229  0.001619  0.001403   0.01503
    77/999     5.29G  0.004336  0.001413   0.02284   0.02859        15       640    0.2055     0.936     0.226    0.2234  0.001629  0.001421   0.01503
    78/999     5.29G  0.004193  0.001424    0.0222   0.02781        14       640    0.2043    0.9655     0.225    0.2224  0.001572  0.001392   0.01503
    79/999     5.29G  0.004136  0.001363   0.02221   0.02771        15       640     0.203    0.9878    0.2222    0.2195   0.00158  0.001453   0.01503
    80/999     5.29G  0.003574  0.001346   0.02207   0.02698        15       640    0.2082    0.9437    0.2287    0.2265  0.001545  0.001465   0.01503
    81/999     5.29G  0.003928   0.00136   0.02215   0.02744        16       640    0.2031    0.9664     0.223    0.2207  0.001493  0.001427   0.01504
    82/999     5.29G  0.003707  0.001372   0.02178   0.02686        21       640    0.2068    0.9639    0.2295    0.2269  0.001455  0.001335   0.01503
    83/999     5.29G  0.003539  0.001352   0.02178   0.02667        16       640    0.2077    0.9562    0.2355    0.2326  0.001452  0.001355   0.01503
    84/999     5.29G  0.003629  0.001344   0.02216   0.02713        26       640    0.2047    0.9707    0.2292    0.2269   0.00143  0.001381   0.01503
    85/999     5.29G  0.004167   0.00139   0.02279   0.02835        17       640    0.2061    0.9482    0.2324    0.2302  0.001481   0.00133   0.01502
    86/999     5.29G  0.003991  0.001394   0.02286   0.02825        20       640    0.2063    0.9534    0.2371    0.2347  0.001503  0.001354   0.01501
    87/999     5.29G  0.003578  0.001354   0.02182   0.02675        13       640    0.2113    0.9028    0.2422    0.2396  0.001525  0.001342   0.01501
    88/999     5.29G  0.003673  0.001337   0.02244   0.02745        15       640    0.2076    0.9509    0.2389    0.2363  0.001528  0.001352   0.01502
    89/999     5.29G  0.003249  0.001327   0.02135   0.02592        12       640    0.2056    0.9659    0.2412    0.2387  0.001481  0.001372   0.01501
    90/999     5.29G  0.004326  0.001365   0.02314   0.02883        13       640    0.2129    0.8561    0.2367     0.234  0.001506  0.001418     0.015
    91/999     5.29G  0.003392  0.001281   0.02138   0.02605        22       640    0.2066    0.9793    0.2344    0.2322  0.001518  0.001386     0.015
    92/999     5.29G  0.004007  0.001292   0.02181   0.02711        16       640    0.2053    0.9724    0.2381    0.2352  0.001519  0.001372     0.015
    93/999     5.29G  0.003799  0.001302   0.02222   0.02732        14       640    0.2066    0.9649    0.2379     0.235   0.00152  0.001375   0.01498
    94/999     5.29G  0.003746  0.001267   0.02258   0.02759        15       640    0.2047    0.9776    0.2325    0.2301  0.001531  0.001376   0.01498
    95/999     5.29G  0.003527  0.001314   0.02242   0.02726        18       640    0.2094    0.9393    0.2339    0.2311  0.001503  0.001389   0.01497
    96/999     5.29G  0.003799  0.001322   0.02219   0.02731        12       640    0.2078    0.9652    0.2394    0.2367  0.001552  0.001375   0.01495
    97/999     5.29G  0.003653  0.001254   0.02221   0.02712        15       640    0.2089    0.9408    0.2397    0.2371  0.001528  0.001395   0.01496
    98/999     5.29G  0.003666  0.001298   0.02223    0.0272        15       640    0.2134    0.9099    0.2411    0.2381  0.001503  0.001415   0.01495
    99/999     5.29G  0.003252  0.001273    0.0215   0.02603        16       640    0.2077    0.9602     0.245    0.2418  0.001469  0.001371   0.01493
   100/999     5.29G  0.003362   0.00127   0.02242   0.02705        16       640    0.2117     0.923      0.25    0.2469  0.001439  0.001399   0.01492
   101/999     5.29G  0.003528  0.001276   0.02276   0.02757        15       640     0.213    0.9118    0.2451    0.2422  0.001413  0.001388   0.01493
   102/999     5.29G  0.003779  0.001235    0.0226   0.02762        16       640    0.2106     0.944    0.2492     0.246  0.001486  0.001384   0.01492
   103/999     5.29G  0.003949  0.001242   0.02114   0.02633        15       640    0.2122    0.9634      0.24    0.2373   0.00144   0.00144   0.01494
   104/999     5.29G  0.003644  0.001249   0.02244   0.02733        12       640    0.2136    0.9241     0.239    0.2364  0.001446  0.001415   0.01494
   105/999     5.29G  0.003616  0.001236   0.02224   0.02709        16       640    0.2133    0.9267    0.2461    0.2433   0.00143  0.001451   0.01492
   106/999     5.29G  0.003526  0.001258   0.02188   0.02667        18       640    0.2216    0.9037    0.2562    0.2533  0.001447  0.001439   0.01489
   107/999     5.29G    0.0034  0.001285   0.02239   0.02707        17       640     0.222    0.9077    0.2579    0.2548   0.00144  0.001427   0.01487
   108/999     5.29G  0.003281  0.001224   0.02159   0.02609        18       640    0.2207     0.908    0.2506    0.2476  0.001421  0.001429   0.01489
   109/999     5.29G  0.003061  0.001228   0.02127   0.02556        15       640    0.2184      0.92    0.2562    0.2529  0.001461  0.001421   0.01486
   110/999     5.29G  0.003291  0.001212   0.02067   0.02518        14       640    0.2164    0.9366    0.2607    0.2575  0.001408  0.001382   0.01484
   111/999     5.29G   0.00397  0.001242    0.0232   0.02842        16       640    0.2153    0.9325    0.2569    0.2537  0.001394  0.001397   0.01489
   112/999     5.29G  0.003949   0.00128   0.02256   0.02779        17       640    0.2158    0.9235    0.2581    0.2548  0.001397  0.001384   0.01488
   113/999     5.29G   0.00387   0.00123   0.02207   0.02717        14       640    0.2205    0.9159    0.2609    0.2576  0.001415  0.001396   0.01483
   114/999     5.29G  0.004047  0.001245   0.02358   0.02887        12       640    0.2192     0.927    0.2626    0.2594  0.001403  0.001395   0.01483
   115/999     5.29G  0.004018   0.00126   0.02264   0.02791        13       640    0.2161    0.9403    0.2615     0.258  0.001411  0.001399   0.01485
   116/999     5.29G    0.0035   0.00126   0.02309   0.02785        17       640    0.2246    0.8841     0.266    0.2626   0.00142  0.001423    0.0148
   117/999     5.29G   0.00328  0.001182   0.02146   0.02592        15       640    0.2242    0.8901    0.2664    0.2629  0.001444  0.001415   0.01478
   118/999     5.29G  0.004081  0.001253   0.02341   0.02874        15       640     0.219    0.9331    0.2621    0.2586  0.001412  0.001454   0.01481
   119/999     5.29G  0.003457  0.001179   0.02142   0.02605        15       640    0.2175    0.9367    0.2608    0.2572    0.0014   0.00144   0.01481
   120/999     5.29G  0.003798  0.001214   0.02215   0.02716        13       640    0.2236    0.9065    0.2655     0.262  0.001407  0.001428   0.01475
   121/999     5.29G  0.003194  0.001199    0.0208    0.0252        19       640    0.2256     0.901     0.268    0.2643  0.001415  0.001432   0.01474
   122/999     5.29G  0.003864  0.001195   0.02264    0.0277        12       640    0.2251    0.9094    0.2675    0.2637  0.001428  0.001426   0.01473
   123/999     5.29G  0.003897  0.001171   0.02205   0.02712        13       640    0.2241    0.9194    0.2641    0.2604   0.00144  0.001434   0.01475
   124/999     5.29G  0.003804  0.001253   0.02319   0.02824        18       640    0.2268    0.9073    0.2658     0.262  0.001429  0.001439   0.01474
   125/999     5.29G  0.003861  0.001227   0.02208   0.02717        12       640    0.2311    0.8932    0.2676    0.2636  0.001437  0.001427   0.01475
   126/999     5.29G  0.003182    0.0012   0.02103   0.02541        13       640    0.2291    0.9041    0.2694    0.2655   0.00147  0.001405   0.01471
   127/999     5.29G  0.003556  0.001207   0.02246   0.02722        16       640    0.2294    0.9026      0.27     0.266  0.001468  0.001395   0.01472
   128/999     5.29G  0.003252  0.001191   0.02104   0.02549        15       640    0.2282    0.9168    0.2708    0.2669  0.001475  0.001389   0.01474
   129/999     5.29G  0.003726  0.001244   0.02266   0.02763        18       640    0.2326    0.8942    0.2729    0.2689   0.00144  0.001387   0.01471
   130/999     5.29G  0.003398  0.001198   0.02176   0.02636        14       640    0.2381    0.8412     0.278     0.274  0.001436   0.00139   0.01464
   131/999     5.29G  0.003476  0.001259   0.02195   0.02669        15       640    0.2354    0.8882    0.2797    0.2755  0.001441  0.001378   0.01465
   132/999     5.29G   0.00292  0.001201   0.02212   0.02624        17       640    0.2437    0.8147    0.2837    0.2794  0.001445  0.001372   0.01461
   133/999     5.29G  0.003394  0.001248   0.02238   0.02702        14       640    0.2422     0.855    0.2845    0.2801  0.001434  0.001352   0.01465
   134/999     5.29G  0.003301  0.001194   0.02155   0.02605        18       640    0.2389    0.8883    0.2876    0.2833  0.001444   0.00135   0.01463
   135/999     5.29G  0.003362  0.001205   0.02205   0.02661        12       640    0.2461     0.845    0.2935    0.2886  0.001442  0.001337   0.01458
   136/999     5.29G  0.003835  0.001268   0.02254   0.02765        13       640    0.2449    0.8612    0.2967    0.2919  0.001447  0.001341   0.01455
   137/999     5.29G  0.003467  0.001239   0.02243   0.02713        15       640    0.2475    0.8621    0.3017    0.2968  0.001452  0.001345   0.01451
   138/999     5.29G  0.003539  0.001261   0.02224   0.02704        19       640     0.271    0.7274    0.3034    0.2985  0.001451   0.00134    0.0145
   139/999     5.29G  0.003124  0.001193   0.02132   0.02564        17       640    0.2649    0.7992    0.3038    0.2989   0.00145  0.001334   0.01454
   140/999     5.29G  0.003548  0.001277   0.02263   0.02745        12       640    0.2714    0.7755    0.3087    0.3037   0.00146  0.001337   0.01451
   141/999     5.29G  0.003416  0.001233   0.02195    0.0266        16       640    0.2681    0.8018    0.3142    0.3092  0.001461  0.001336   0.01442
   142/999     5.29G  0.003616  0.001245   0.02239   0.02725        17       640     0.282    0.7355    0.3195    0.3147  0.001466  0.001337   0.01431
   143/999     5.29G  0.003482  0.001271   0.02207   0.02682        13       640    0.2868    0.7435    0.3239    0.3191  0.001477  0.001339   0.01422
   144/999     5.29G  0.003217  0.001227   0.02116   0.02561        17       640    0.2868     0.756    0.3292    0.3244  0.001481  0.001339   0.01414
   145/999     5.29G   0.00336  0.001229   0.02231    0.0269        15       640    0.2878    0.7612    0.3331    0.3283  0.001485   0.00133   0.01406
   146/999     5.29G  0.003344  0.001236   0.02152    0.0261        22       640    0.2884    0.7848    0.3372    0.3322  0.001479  0.001318   0.01399
   147/999     5.29G  0.003156  0.001258   0.02082   0.02524        20       640    0.2935    0.7686    0.3407     0.336  0.001474  0.001318   0.01395
   148/999     5.29G   0.00334  0.001226   0.02206   0.02662        16       640     0.299    0.7419     0.346    0.3413  0.001481  0.001309   0.01386
   149/999     5.29G  0.003261  0.001234   0.02188   0.02637        15       640    0.3007    0.7459    0.3485    0.3438  0.001486  0.001298   0.01381
   150/999     5.29G  0.003222  0.001173   0.02076   0.02516        21       640    0.3067    0.7076    0.3515    0.3466  0.001498  0.001285   0.01376
   151/999     5.29G   0.00346  0.001265   0.02168   0.02641        15       640    0.3052    0.7325    0.3548      0.35  0.001498  0.001281   0.01373
   152/999     5.29G  0.003705  0.001214   0.02136   0.02627        15       640    0.3038    0.7538    0.3571    0.3522  0.001496  0.001286    0.0137
   153/999     5.29G  0.003263  0.001206   0.02117   0.02564        13       640     0.307    0.7374    0.3594    0.3546  0.001499  0.001291   0.01365
   154/999     5.29G  0.003165  0.001241   0.02135   0.02575        18       640    0.3154    0.7051    0.3618     0.357  0.001514    0.0013   0.01362
   155/999     5.29G   0.00377  0.001284   0.02222   0.02728        14       640    0.3061    0.7754    0.3632    0.3584   0.00152  0.001306   0.01359
   156/999     5.29G  0.003408  0.001258   0.02171   0.02637        12       640    0.3047    0.7926    0.3654    0.3607   0.00153  0.001317   0.01356
   157/999     5.29G  0.003708  0.001265   0.02238   0.02735        13       640    0.3068    0.7903    0.3665    0.3617   0.00153  0.001318   0.01354
   158/999     5.29G   0.00333  0.001201   0.02184   0.02638        16       640    0.3069    0.7874    0.3678    0.3629  0.001533  0.001318   0.01351
   159/999     5.29G    0.0031  0.001229   0.02085   0.02518        12       640    0.3157    0.7405    0.3694    0.3644  0.001537  0.001318   0.01349
   160/999     5.29G  0.003028  0.001201   0.02006   0.02429        15       640     0.307    0.8104    0.3717    0.3665  0.001539   0.00132   0.01346
   161/999     5.29G  0.003007  0.001217   0.02134   0.02557        15       640    0.3079    0.8082    0.3719    0.3669  0.001545  0.001321   0.01344
   162/999     5.29G  0.003211  0.001199   0.02176   0.02617        17       640    0.3089    0.7986    0.3726    0.3676   0.00155   0.00132   0.01342
   163/999     5.29G  0.003362   0.00121   0.02137   0.02594        12       640    0.3086    0.8198    0.3731     0.368  0.001548  0.001317    0.0134
   164/999     5.29G  0.003176  0.001176   0.02016   0.02451        12       640    0.3096    0.8198    0.3738    0.3687  0.001551  0.001316   0.01338
   165/999     5.29G  0.003174  0.001178   0.02104    0.0254        17       640    0.3267    0.7115    0.3747    0.3697  0.001554  0.001314   0.01336
   166/999     5.29G  0.002936  0.001173   0.02086   0.02497        15       640    0.3135     0.796    0.3757    0.3707  0.001564  0.001313   0.01335
   167/999     5.29G  0.003243  0.001153   0.02021    0.0246        16       640    0.3161    0.7869     0.377    0.3719  0.001572  0.001317   0.01334
   168/999     5.29G  0.003301  0.001208   0.02108   0.02559        14       640    0.3137    0.8079    0.3781    0.3731   0.00158  0.001319   0.01333
   169/999     5.29G  0.003135  0.001161   0.02112   0.02541        14       640    0.3136    0.8168    0.3783    0.3733  0.001581  0.001319   0.01331
   170/999     5.29G  0.003437  0.001199   0.02143   0.02607        13       640    0.3203    0.7734    0.3783    0.3734  0.001586  0.001315    0.0133
   171/999     5.29G  0.003349  0.001207   0.02121   0.02576        18       640    0.3223    0.7654    0.3793    0.3743  0.001589  0.001315   0.01328
   172/999     5.29G  0.003196  0.001141     0.021   0.02534        18       640     0.325     0.748    0.3799     0.375  0.001591  0.001316   0.01327
   173/999     5.29G  0.003223  0.001181   0.02061   0.02502        12       640    0.3234    0.7601    0.3808    0.3759  0.001591  0.001316   0.01326
   174/999     5.29G  0.002922   0.00114   0.02053   0.02459        14       640    0.3248    0.7518    0.3824    0.3774  0.001593  0.001317   0.01325
   175/999     5.29G  0.003202  0.001162    0.0207   0.02506        15       640    0.3259    0.7508    0.3833    0.3784  0.001591  0.001318   0.01324
   176/999     5.29G  0.003192  0.001235   0.02118   0.02561        15       640    0.3241    0.7576    0.3836    0.3787  0.001594  0.001321   0.01323
   177/999     5.29G  0.003307  0.001195   0.02106   0.02556        13       640    0.3247    0.7586    0.3847    0.3798  0.001597  0.001319   0.01321
   178/999     5.29G  0.003032  0.001154   0.02038   0.02457        15       640    0.3247    0.7629     0.386    0.3812  0.001601  0.001321    0.0132
   179/999     5.29G  0.003489  0.001165   0.02101   0.02566        15       640    0.3257    0.7592    0.3871    0.3823  0.001602  0.001322   0.01319
   180/999     5.29G  0.003275  0.001184   0.02216   0.02661        13       640    0.3282    0.7449     0.387    0.3822  0.001609  0.001323   0.01318
   181/999     5.29G  0.003361  0.001184   0.02054   0.02508        12       640    0.3291    0.7458    0.3882    0.3834   0.00162  0.001326   0.01317
   182/999     5.29G  0.003137  0.001185   0.02054   0.02486        14       640    0.3288    0.7449    0.3885    0.3836  0.001625  0.001326   0.01317
   183/999     5.29G  0.003117  0.001137   0.02059   0.02484        16       640     0.328    0.7513    0.3887    0.3837  0.001628  0.001325   0.01316
   184/999     5.29G  0.003558    0.0012   0.02128   0.02604        15       640    0.3249    0.7758    0.3898    0.3849  0.001634  0.001325   0.01315
   185/999     5.29G  0.003213  0.001172   0.02037   0.02476        14       640    0.3245     0.778     0.391     0.386  0.001635  0.001322   0.01314
   186/999     5.29G  0.003435  0.001194   0.02103   0.02566        13       640    0.3279    0.7628    0.3922    0.3873  0.001639  0.001323   0.01313
   187/999     5.29G  0.003215  0.001184    0.0215    0.0259        16       640    0.3255    0.7792    0.3939    0.3888  0.001643  0.001321   0.01312
   188/999     5.29G  0.003234  0.001153   0.02088   0.02527        24       640     0.326    0.7794    0.3944    0.3893   0.00165  0.001319   0.01312
   189/999     5.29G  0.003177  0.001146   0.02019   0.02451        17       640    0.3257    0.7817    0.3947    0.3896  0.001653  0.001321   0.01311
   190/999     5.29G   0.00317  0.001177   0.02031   0.02465        12       640    0.3252    0.7863    0.3962    0.3911  0.001659  0.001322    0.0131
   191/999     5.29G  0.003273   0.00119   0.02109   0.02556        19       640    0.3383    0.7194    0.3972    0.3919  0.001667  0.001324    0.0131
   192/999     5.29G  0.003034  0.001148   0.02061    0.0248        18       640    0.3404     0.712    0.3979    0.3926  0.001674  0.001325   0.01309
   193/999     5.29G   0.00348    0.0011   0.02121   0.02579        18       640    0.3259     0.791    0.3981    0.3929  0.001682  0.001325   0.01308
   194/999     5.29G  0.003051  0.001144   0.02063   0.02483        14       640    0.3422    0.7071    0.3997    0.3945  0.001688  0.001324   0.01308
   195/999     5.29G   0.00323  0.001137   0.02022   0.02458        16       640    0.3438    0.7046    0.3996    0.3944  0.001692  0.001326   0.01308
   196/999     5.29G  0.003209  0.001176   0.02083   0.02522        19       640    0.3279    0.7785    0.4006    0.3955  0.001697  0.001327   0.01307
   197/999     5.29G   0.00324  0.001167   0.02112   0.02553        13       640    0.3308    0.7634    0.4006    0.3955  0.001703   0.00133   0.01307
   198/999     5.29G  0.003243  0.001176   0.02122   0.02564        12       640    0.3307    0.7643    0.4016    0.3964    0.0017  0.001327   0.01306
   199/999     5.29G  0.003374  0.001153   0.02153   0.02606        12       640    0.3331    0.7558    0.4018    0.3965  0.001705  0.001327   0.01306
   200/999     5.29G  0.003233  0.001134   0.02064     0.025        15       640    0.3326    0.7639    0.4023     0.397  0.001709  0.001326   0.01306
   201/999     5.29G  0.003395  0.001146   0.01977   0.02431        12       640     0.333     0.757    0.4026    0.3972  0.001712  0.001327   0.01306
   202/999     5.29G   0.00297  0.001135    0.0208    0.0249        16       640    0.3327    0.7607    0.4036    0.3981  0.001714  0.001325   0.01306
   203/999     5.29G  0.003101  0.001132    0.0205   0.02474        12       640    0.3323    0.7629    0.4038    0.3982  0.001717  0.001324   0.01305
   204/999     5.29G  0.002984  0.001169   0.02045   0.02461        14       640    0.3316    0.7656    0.4039    0.3983  0.001717  0.001324   0.01305
   205/999     5.29G   0.00277  0.001142   0.01993   0.02384        18       640    0.3398    0.7249    0.4039    0.3983  0.001721  0.001323   0.01305
   206/999     5.29G  0.003218  0.001142   0.02068   0.02504        16       640    0.3389     0.734    0.4034    0.3978  0.001726  0.001324   0.01305
   207/999     5.29G  0.002855  0.001122   0.02016   0.02414        15       640    0.3387    0.7335    0.4037    0.3981   0.00173  0.001323   0.01305
   208/999     5.29G  0.002989  0.001163   0.02143   0.02559        18       640    0.3391    0.7327    0.4042    0.3986  0.001732  0.001323   0.01305
   209/999     5.29G  0.003023  0.001146   0.02042   0.02459        20       640    0.3389    0.7314    0.4047    0.3991  0.001735  0.001324   0.01305
   210/999     5.29G   0.00302  0.001144   0.02094    0.0251        18       640    0.3361    0.7466    0.4051    0.3995  0.001735  0.001324   0.01305
   211/999     5.29G  0.003197  0.001131   0.02071   0.02504        15       640    0.3358     0.749    0.4051    0.3995  0.001742  0.001325   0.01305
   212/999     5.29G  0.003022  0.001189   0.02113   0.02535        12       640    0.3359    0.7488    0.4053    0.3998  0.001744  0.001325   0.01305
   213/999     5.29G  0.003077  0.001175   0.02134   0.02559        15       640    0.3391    0.7355    0.4054    0.3998  0.001744  0.001326   0.01305
   214/999     5.29G  0.003088  0.001124    0.0196   0.02381        13       640    0.3423    0.7204    0.4056       0.4  0.001747  0.001327   0.01305
   215/999     5.29G   0.00285  0.001123   0.02008   0.02405        15       640    0.3271    0.8031    0.4056       0.4  0.001748  0.001328   0.01306
   216/999     5.29G  0.003295  0.001134   0.02122   0.02565        14       640    0.3263    0.8071    0.4054    0.3998  0.001753  0.001327   0.01306
   217/999     5.29G  0.002943  0.001121   0.02039   0.02446        13       640    0.3262    0.8063    0.4051    0.3995  0.001757  0.001329   0.01306
   218/999     5.29G  0.003423  0.001157   0.02127   0.02585        15       640     0.325    0.8108    0.4058    0.4002  0.001759   0.00133   0.01307
   219/999     5.29G  0.003018  0.001141   0.02044   0.02459        15       640    0.3266    0.8032    0.4057    0.4001  0.001759  0.001331   0.01307
   220/999     5.29G  0.002703  0.001102   0.02031   0.02412        15       640     0.332    0.7687    0.4053    0.3997  0.001761  0.001331   0.01307
   221/999     5.29G  0.002833  0.001168   0.02079   0.02479        15       640    0.3317    0.7716    0.4056       0.4  0.001762  0.001331   0.01307
   222/999     5.29G  0.003118  0.001087   0.02005   0.02426        13       640    0.3328    0.7704    0.4059    0.4003  0.001763  0.001332   0.01307
   223/999     5.29G  0.002726  0.001102   0.02012   0.02395        12       640    0.3324    0.7731    0.4062    0.4006  0.001764  0.001332   0.01307
   224/999     5.29G  0.002789  0.001093   0.02038   0.02427        15       640    0.3319    0.7749    0.4063    0.4007  0.001767  0.001334   0.01307
   225/999     5.29G  0.003119  0.001108   0.02058   0.02481        12       640    0.3311     0.783    0.4066    0.4011   0.00177  0.001334   0.01307
   226/999     5.29G   0.00286  0.001102   0.01985   0.02381        13       640    0.3314    0.7829    0.4067    0.4011  0.001773  0.001335   0.01307
   227/999     5.29G  0.003089  0.001117   0.02089   0.02509        23       640    0.3317    0.7785    0.4063    0.4006  0.001772  0.001338   0.01307
   228/999     5.29G  0.003339  0.001106   0.02077   0.02522        16       640    0.3323    0.7755    0.4063    0.4005  0.001773  0.001338   0.01308
   229/999     5.29G  0.002919  0.001106   0.02093   0.02496        13       640    0.3319    0.7738    0.4061    0.4004  0.001776  0.001338   0.01308
   230/999     5.29G   0.00297  0.001138   0.02152   0.02563        16       640    0.3325    0.7708    0.4066    0.4008  0.001777  0.001339   0.01308
   231/999     5.29G  0.003052  0.001134   0.02082   0.02501        12       640    0.3331    0.7673    0.4066    0.4008   0.00178  0.001339   0.01309
   232/999     5.29G  0.003095  0.001173   0.02154   0.02581        15       640    0.3333    0.7678    0.4068     0.401  0.001781  0.001339   0.01308
   233/999     5.29G  0.003197  0.001176   0.02103   0.02541        14       640     0.333    0.7676    0.4066    0.4007  0.001785   0.00134   0.01308
   234/999     5.29G  0.002957  0.001105   0.02029   0.02436        19       640    0.3329      0.77    0.4067    0.4008  0.001782   0.00134   0.01308
   235/999     5.29G  0.002959  0.001137   0.02043   0.02453        19       640    0.3329    0.7688    0.4067    0.4009  0.001784  0.001342   0.01309
   236/999     5.29G  0.002987  0.001085   0.01996   0.02403        14       640    0.3296    0.7837    0.4067    0.4009  0.001786  0.001343   0.01309
   237/999     5.29G  0.003056  0.001132   0.02053   0.02472        13       640    0.3297    0.7839    0.4072    0.4013  0.001787  0.001342   0.01309
   238/999     5.29G  0.002854  0.001131   0.02017   0.02415        13       640    0.3264    0.8064    0.4077    0.4018  0.001792  0.001343   0.01308
   239/999     5.29G  0.003029  0.001112   0.02104   0.02518        16       640    0.3276    0.8007    0.4078    0.4019  0.001795  0.001344   0.01308
   240/999     5.29G  0.003392  0.001157   0.02159   0.02614        13       640    0.3265    0.8075    0.4084    0.4024  0.001798  0.001345   0.01308
   241/999     5.29G   0.00308  0.001135   0.02011   0.02432        13       640    0.3301    0.7861    0.4087    0.4027  0.001801  0.001345   0.01308
   242/999     5.29G  0.003295  0.001179   0.02137   0.02585        17       640    0.3277     0.802    0.4088     0.403  0.001804  0.001347   0.01308
   243/999     5.29G   0.00306  0.001149   0.02065   0.02486        14       640    0.3276    0.8005    0.4088    0.4029  0.001809  0.001347   0.01309
   244/999     5.29G  0.003065   0.00112    0.0202   0.02439        15       640    0.3241    0.8217    0.4085    0.4025  0.001812  0.001348   0.01309
   245/999     5.29G  0.002942  0.001112    0.0205   0.02455        20       640     0.324    0.8246     0.409     0.403  0.001819  0.001348   0.01308
   246/999     5.29G  0.002869    0.0011   0.01932   0.02329        17       640    0.3235    0.8256    0.4086    0.4026  0.001824   0.00135   0.01309
   247/999     5.29G  0.003334  0.001129   0.02104   0.02551        15       640     0.324    0.8251    0.4087    0.4027  0.001827   0.00135   0.01309
   248/999     5.29G  0.002955  0.001093   0.01968   0.02373        13       640     0.334    0.7663     0.409     0.403   0.00183  0.001352    0.0131
   249/999     5.29G  0.002798  0.001084    0.0196   0.02348        15       640    0.3334    0.7712    0.4087    0.4028  0.001835  0.001353   0.01311
   250/999     5.29G  0.003129  0.001131   0.02033   0.02459        16       640    0.3238    0.8261    0.4096    0.4036  0.001842  0.001356   0.01311
   251/999     5.29G  0.003043  0.001151    0.0205    0.0247        19       640    0.3234    0.8321      0.41     0.404  0.001846  0.001356   0.01311
   252/999     5.29G  0.003466  0.001196   0.02118   0.02584        18       640    0.3232    0.8309    0.4095    0.4033  0.001855  0.001359   0.01312
   253/999     5.29G  0.002983  0.001105   0.01989   0.02397        14       640    0.3231    0.8305      0.41    0.4039  0.001865   0.00136   0.01312
   254/999     5.29G  0.003497  0.001148   0.02093   0.02558        13       640    0.3224    0.8317    0.4098    0.4036   0.00187  0.001362   0.01313
   255/999     5.29G  0.003356  0.001156    0.0213   0.02582        21       640    0.3219    0.8333    0.4101    0.4039  0.001881  0.001364   0.01313
   256/999     5.29G  0.003118  0.001125   0.02005   0.02429        18       640    0.3217    0.8338    0.4106    0.4044  0.001887  0.001365   0.01313
   257/999     5.29G  0.003027  0.001112   0.02023   0.02437        18       640    0.3219    0.8351     0.411    0.4047  0.001896  0.001367   0.01313
   258/999     5.29G  0.002542  0.001079   0.01884   0.02246        18       640    0.3224    0.8339    0.4111    0.4047  0.001901  0.001368   0.01314
   259/999     5.29G  0.003815  0.001157   0.02086   0.02584        14       640    0.3253    0.8155    0.4111    0.4048  0.001912   0.00137   0.01313
   260/999     5.29G  0.003481  0.001129   0.02033   0.02494        20       640    0.3222    0.8346    0.4109    0.4045   0.00192  0.001371   0.01314
   261/999     5.29G  0.002943  0.001097   0.01983   0.02387        15       640    0.3392    0.7428    0.4113    0.4049  0.001932  0.001374   0.01314
   262/999     5.29G  0.002947  0.001141   0.01982   0.02391        18       640    0.3396     0.744    0.4114     0.405  0.001944  0.001377   0.01315
   263/999     5.29G  0.003093   0.00117   0.02095   0.02521        19       640    0.3433     0.727    0.4116    0.4051  0.001952  0.001381   0.01316
   264/999     5.29G  0.002878  0.001107   0.02036   0.02434        14       640    0.3429    0.7291    0.4115    0.4049   0.00196  0.001383   0.01316
   265/999     5.29G  0.003158  0.001128   0.02005   0.02434        15       640    0.3432    0.7298    0.4115     0.405  0.001966  0.001387   0.01316
   266/999     5.29G  0.002858  0.001113   0.01941   0.02338        16       640     0.341    0.7342    0.4113    0.4048  0.001973  0.001387   0.01317
   267/999     5.29G  0.002917  0.001117   0.01981   0.02385        15       640    0.3404    0.7359    0.4112    0.4049  0.001976  0.001391   0.01318
   268/999     5.29G  0.003152  0.001104   0.01999   0.02424        15       640    0.3403    0.7359    0.4116    0.4051  0.001983  0.001394   0.01317
   269/999     5.29G  0.003215  0.001107   0.02026   0.02459        13       640    0.3398    0.7383    0.4116    0.4052   0.00199  0.001394   0.01317
   270/999     5.29G    0.0029  0.001128    0.0194   0.02343        14       640    0.3387     0.746    0.4118    0.4053  0.001998  0.001396   0.01317
   271/999     5.29G   0.00326  0.001113   0.02085   0.02523        15       640    0.3437    0.7303    0.4121    0.4055  0.002006  0.001397   0.01316
   272/999     5.29G  0.002909  0.001113   0.01947   0.02349        15       640    0.3291    0.7891    0.4119    0.4055  0.002011  0.001399   0.01316
   273/999     5.29G  0.003014  0.001124   0.02013   0.02427        15       640    0.3442    0.7253    0.4119    0.4053  0.002013    0.0014   0.01316
   274/999     5.29G  0.002925  0.001121   0.02015    0.0242        17       640    0.3448     0.727    0.4121    0.4055  0.002021    0.0014   0.01316
   275/999     5.29G  0.003361  0.001148   0.02077   0.02527        16       640     0.344    0.7277     0.412    0.4052   0.00203  0.001402   0.01317
   276/999     5.29G  0.003112  0.001131   0.02046    0.0247        27       640    0.3434    0.7256    0.4121    0.4052  0.002037  0.001404   0.01317
   277/999     5.29G  0.003053  0.001153   0.02044   0.02465        16       640    0.3429    0.7277    0.4123    0.4054  0.002046  0.001406   0.01317
   278/999     5.29G  0.002961  0.001162   0.02049   0.02462        19       640    0.3256    0.8072    0.4124    0.4055  0.002052  0.001408   0.01317
   279/999     5.29G  0.003056  0.001167   0.02035   0.02457        12       640    0.3255    0.8105    0.4126    0.4058  0.002056   0.00141   0.01318
   280/999     5.29G  0.002964  0.001097    0.0195   0.02356        13       640    0.3261    0.8081    0.4128     0.406  0.002061  0.001412   0.01317
   281/999     5.29G  0.002988  0.001129   0.02009    0.0242        16       640    0.3431    0.7293    0.4131    0.4064  0.002069  0.001415   0.01316
   282/999     5.29G  0.002988   0.00113   0.01982   0.02393        19       640    0.3291    0.7948    0.4132    0.4064  0.002076  0.001417   0.01315
   283/999     5.29G  0.003165  0.001163   0.02115   0.02548        19       640    0.3284    0.7979    0.4139     0.407  0.002087   0.00142   0.01314
   284/999     5.29G  0.002929  0.001096   0.01938    0.0234        13       640    0.3287    0.7978    0.4145    0.4075  0.002098  0.001421   0.01314
   285/999     5.29G  0.002419  0.001058   0.01928   0.02276        12       640    0.3319    0.7832     0.415     0.408  0.002106  0.001424   0.01312
   286/999     5.29G  0.002918  0.001119   0.02004   0.02407        14       640    0.3301    0.7943    0.4152    0.4081  0.002115  0.001427   0.01312
   287/999     5.29G  0.002723  0.001104   0.01997   0.02379        13       640    0.3299    0.7945    0.4146    0.4074  0.002122  0.001429   0.01312
   288/999     5.29G   0.00326  0.001116   0.01911   0.02348        12       640     0.329    0.7967    0.4154     0.408  0.002133   0.00143   0.01312
   289/999     5.29G  0.003016  0.001124   0.02047   0.02461        12       640    0.3298    0.7959    0.4152    0.4077  0.002141  0.001433   0.01311
   290/999     5.29G  0.002857   0.00108   0.01923   0.02317        12       640    0.3273    0.8131    0.4158    0.4083  0.002153  0.001435   0.01309
   291/999     5.29G  0.003131  0.001099   0.02014   0.02437        15       640    0.3395    0.7515     0.416    0.4083  0.002164  0.001438   0.01309
   292/999     5.29G  0.003651  0.001119   0.02022   0.02499        16       640    0.3393    0.7547    0.4158     0.408  0.002178  0.001442   0.01309
   293/999     5.29G  0.003362  0.001164   0.02009   0.02462        16       640    0.3255    0.8277    0.4165    0.4086   0.00219  0.001441   0.01308
   294/999     5.29G  0.002967  0.001141   0.01955   0.02366        19       640    0.3255    0.8283    0.4165    0.4083  0.002201  0.001443   0.01307
   295/999     5.29G  0.002948  0.001088   0.01946   0.02349        21       640    0.3263    0.8272    0.4171    0.4087  0.002212  0.001445   0.01307
   296/999     5.29G  0.002967    0.0011   0.02009   0.02416        18       640    0.3382    0.7618    0.4168    0.4082  0.002222  0.001448   0.01307
   297/999     5.29G  0.002986  0.001121   0.02058   0.02468        13       640    0.3396    0.7549    0.4171    0.4084  0.002231  0.001452   0.01307
   298/999     5.29G  0.003051  0.001122   0.02077   0.02494        15       640    0.3399    0.7553    0.4171    0.4081  0.002242  0.001456   0.01307
   299/999     5.29G  0.003047  0.001122   0.02048   0.02465        13       640    0.3407    0.7531     0.417    0.4078  0.002251  0.001459   0.01307
   300/999     5.29G     0.003   0.00109   0.01981    0.0239        16       640    0.3404    0.7553    0.4172    0.4078  0.002261   0.00146   0.01307
   301/999     5.29G  0.002967  0.001119   0.01998   0.02407        16       640    0.3398    0.7576    0.4175    0.4079   0.00227  0.001463   0.01307
   302/999     5.29G  0.002918  0.001175   0.02062   0.02471        17       640    0.3284    0.8172    0.4177    0.4078  0.002282  0.001466   0.01307
   303/999     5.29G  0.002989  0.001075   0.02021   0.02428        12       640    0.3287    0.8183    0.4173    0.4076   0.00229  0.001468   0.01307
   304/999     5.29G  0.002775  0.001097   0.02014   0.02401        12       640    0.3444    0.7371    0.4173    0.4072  0.002303  0.001471   0.01307
   305/999     5.29G  0.003534  0.001087   0.02046   0.02508        14       640    0.3409    0.7567    0.4176     0.407  0.002314  0.001476   0.01306
   306/999     5.29G  0.002778  0.001083   0.01948   0.02334        15       640    0.3404    0.7588    0.4178    0.4069  0.002325  0.001478   0.01305
   307/999     5.29G  0.002936  0.001072   0.01977   0.02378        16       640    0.3406    0.7597    0.4186    0.4074  0.002337  0.001482   0.01305
   308/999     5.29G  0.002909  0.001105   0.01995   0.02396        18       640    0.3437    0.7492    0.4188    0.4072  0.002348  0.001487   0.01305
   309/999     5.29G  0.003132  0.001093    0.0199   0.02413        13       640    0.3419    0.7609    0.4188    0.4068  0.002355  0.001489   0.01304
   310/999     5.29G  0.002923  0.001141   0.02008   0.02415        15       640    0.3414    0.7638    0.4193    0.4068  0.002365  0.001493   0.01303
   311/999     5.29G  0.002861   0.00111   0.01992   0.02389        14       640     0.344    0.7576    0.4193    0.4065  0.002378  0.001498   0.01303
   312/999     5.29G  0.003191  0.001121   0.01994   0.02426        18       640    0.3439     0.757    0.4197    0.4064   0.00239  0.001499   0.01303
   313/999     5.29G  0.002885  0.001087   0.01919   0.02316        18       640    0.3457    0.7508    0.4196     0.406  0.002402  0.001502   0.01302
   314/999     5.29G  0.002943  0.001116    0.0191   0.02316        14       640    0.3446    0.7539    0.4199    0.4058  0.002413  0.001504   0.01302
   315/999     5.29G  0.002771  0.001072   0.01936    0.0232        21       640    0.3429    0.7634    0.4197    0.4052  0.002421  0.001507   0.01303
   316/999     5.29G  0.003124    0.0011   0.01967   0.02389        18       640    0.3432    0.7637    0.4201    0.4047  0.002431  0.001511   0.01303
   317/999    0.386G  0.003063  0.001156   0.02003   0.02425        15       640    0.3433    0.7639    0.4201     0.404  0.002442  0.001514   0.01304
   318/999     4.66G   0.00309   0.00113   0.01955   0.02377        14       640    0.3438    0.7626    0.4199    0.4037  0.002448  0.001518   0.01304
   319/999     5.13G  0.003065  0.001102   0.01907   0.02323        17       640    0.3436    0.7615    0.4196    0.4032  0.002452  0.001519   0.01305
   320/999     5.13G   0.00282  0.001065   0.01951    0.0234        14       640    0.3429    0.7609    0.4195    0.4026  0.002461  0.001522   0.01305
   321/999     5.13G  0.003084  0.001116   0.02047   0.02467        15       640    0.3428    0.7639    0.4196    0.4023  0.002467  0.001523   0.01305
   322/999     5.13G  0.002905  0.001062   0.01961   0.02358        12       640    0.3429    0.7588    0.4195    0.4018  0.002476  0.001526   0.01306
   323/999     5.13G  0.002791  0.001089   0.01913   0.02301        12       640    0.3427    0.7592    0.4191     0.401  0.002485   0.00153   0.01306
   324/999     5.13G  0.002877   0.00107   0.01937   0.02332        14       640    0.3425    0.7592     0.419    0.4006  0.002488  0.001535   0.01307
   325/999     5.13G  0.002797  0.001079   0.01981   0.02368        12       640    0.3422    0.7584    0.4187    0.3998  0.002494  0.001539   0.01307
   326/999     5.13G  0.002974  0.001138   0.01967   0.02379        15       640    0.3376    0.7846    0.4189    0.3998  0.002502  0.001542   0.01307
   327/999     5.13G  0.003155  0.001107   0.02041   0.02467        15       640    0.3426    0.7629    0.4193       0.4  0.002504  0.001544   0.01306
   328/999     5.13G  0.002656  0.001067   0.01852   0.02224        17       640    0.3378    0.7859    0.4189    0.3995  0.002509  0.001546   0.01306
   329/999     5.13G  0.002492  0.001054   0.01882   0.02236        12       640    0.3428    0.7592    0.4188    0.3987  0.002518  0.001549   0.01307
   330/999     5.13G  0.002725  0.001041   0.01882   0.02258        14       640    0.3424    0.7649    0.4195    0.3988  0.002527  0.001553   0.01306
   331/999     5.13G   0.00304  0.001093   0.01926   0.02339        12       640    0.3433    0.7632    0.4192    0.3978  0.002536  0.001555   0.01306
   332/999     5.13G  0.002841  0.001071    0.0191   0.02301        18       640    0.3435    0.7636    0.4195    0.3976  0.002543  0.001558   0.01306
   333/999     5.13G  0.002856  0.001083    0.0192   0.02314        16       640    0.3435    0.7624    0.4193     0.397  0.002551  0.001562   0.01307
   334/999     5.13G  0.003176  0.001092   0.01916   0.02343        18       640    0.3432    0.7625    0.4191    0.3963  0.002559  0.001565   0.01307
   335/999     5.13G  0.002732    0.0011   0.01881   0.02264        15       640     0.343    0.7623    0.4188    0.3956   0.00257   0.00157   0.01307
   336/999     5.13G  0.002901  0.001107   0.01973   0.02374        15       640    0.3425    0.7643    0.4189    0.3948  0.002582  0.001572   0.01308
   337/999     5.13G  0.002608  0.001035   0.01812   0.02176        21       640    0.3419    0.7662    0.4191    0.3948  0.002586  0.001574   0.01308
   338/999     5.13G  0.002877  0.001065   0.01901   0.02295        18       640    0.3421    0.7668    0.4193    0.3944  0.002595  0.001578   0.01308
   339/999     5.13G  0.002991  0.001058    0.0195   0.02355        12       640     0.342    0.7669    0.4195    0.3941  0.002602  0.001582   0.01307
   340/999     5.13G  0.003064  0.001077   0.01913   0.02327        15       640    0.3425    0.7632    0.4194    0.3934  0.002614  0.001584   0.01307
   341/999     5.13G  0.002957  0.001101   0.01992   0.02398        16       640    0.3441    0.7579    0.4196    0.3928  0.002626  0.001588   0.01307
   342/999     5.13G  0.002437  0.001087   0.01858   0.02211        18       640    0.3433     0.761    0.4193     0.392  0.002641   0.00159   0.01307
   343/999     5.13G  0.002694  0.001053   0.01891   0.02266        12       640    0.3437    0.7611    0.4195    0.3912  0.002653  0.001594   0.01307
