     0/999    0.388G  0.009624    0.0212   0.02277    0.0536        12       640   0.01519   0.04503   0.03075  0.006281  0.008651   0.01362   0.02316
     1/999     4.82G  0.006871   0.01774   0.02264   0.04726        12       640  0.007154    0.9995   0.02958  0.006206  0.008321   0.01255   0.02317
     2/999     5.28G   0.00654   0.01707   0.02262   0.04623        12       640   0.04732    0.8869   0.07788   0.02597  0.007973   0.01188   0.02315
     3/999     5.28G  0.006448   0.01547   0.02261   0.04453        12       640    0.1008    0.3759   0.09338   0.03215  0.007883   0.01113   0.02321
     4/999     5.29G  0.006257   0.01329   0.02261   0.04217        12       640    0.1549    0.4556    0.1441   0.07543  0.007645   0.01268   0.02345
     5/999     5.29G  0.005437   0.00942   0.02259   0.03744        12       640    0.1823    0.8157    0.2059    0.1436  0.005457  0.007785   0.02332
     6/999     5.29G  0.003636  0.006552   0.02247   0.03266        12       640    0.2032    0.9293    0.2381    0.2084  0.004152  0.005632   0.02349
     7/999     5.29G  0.002461  0.004299   0.02237   0.02913        12       640    0.2187    0.8972    0.2584    0.2322  0.004057  0.005786   0.02341
     8/999     5.29G  0.001877   0.00322   0.02233   0.02743        12       640    0.2201    0.9204    0.2577    0.2413  0.003734  0.005957   0.02354
     9/999     5.29G   0.00163  0.002569   0.02208   0.02627        12       640    0.2242    0.8917    0.2693    0.2562  0.003499  0.006017   0.02314
    10/999     5.29G  0.001394  0.002278   0.02187   0.02554        12       640    0.2325    0.8479    0.2814    0.2709  0.003548  0.006599   0.02303
    11/999     5.29G  0.001321  0.002125   0.02164   0.02509        12       640    0.2325    0.8562    0.2818    0.2718  0.003379  0.006294   0.02306
    12/999     5.29G   0.00124  0.002043   0.02144   0.02473        12       640    0.2409    0.8093    0.2855    0.2739  0.003293  0.006438   0.02293
    13/999     5.29G  0.001192  0.001974   0.02122   0.02439        12       640    0.2484    0.7419    0.2815     0.269  0.003302  0.005982     0.023
    14/999     5.29G  0.001215  0.001995   0.02111   0.02432        12       640    0.2437    0.8293    0.2861    0.2674  0.003458   0.00612   0.02322
    15/999     5.29G  0.001168  0.001977   0.02089   0.02403        12       640    0.2466    0.7339    0.2803     0.266  0.003501  0.005836   0.02314
    16/999     5.29G  0.001175  0.001972   0.02072   0.02387        12       640    0.2588    0.7994    0.2922    0.2809  0.003456  0.005414   0.02304
    17/999     5.29G  0.001142  0.001946   0.02038   0.02347        12       640    0.2303    0.8951    0.2805     0.258  0.003624  0.006288   0.02511
    18/999     5.29G  0.001146  0.001944   0.02026   0.02335        12       640    0.2816    0.6991    0.3055    0.2893  0.003452  0.005818   0.02281
    19/999     5.29G  0.001143  0.001899   0.01996     0.023        12       640    0.2529    0.8199    0.3006     0.282  0.003544  0.006544   0.02401
    20/999     5.29G  0.001125  0.001905   0.01983   0.02286        12       640    0.2635    0.7932    0.3168     0.297  0.003658  0.005923   0.02321
    21/999     5.29G  0.001107  0.001881   0.01948   0.02247        12       640     0.268    0.7387    0.3056    0.2846  0.003504  0.006669   0.02351
    22/999     5.29G  0.001121  0.001853   0.01907   0.02205        12       640    0.2824    0.7274    0.3206    0.2977  0.003728   0.00628   0.02267
    23/999     5.29G  0.001116  0.001909   0.01911   0.02214        12       640    0.2668    0.7508    0.3064    0.2836  0.003712  0.006176   0.02332
    24/999     5.29G  0.001108  0.001897   0.01884   0.02184        12       640    0.2782    0.7588    0.3215    0.2994  0.003711  0.006442    0.0232
    25/999     5.29G  0.001112  0.001874   0.01855   0.02154        12       640    0.2874    0.6518    0.3116     0.285  0.003813  0.006488   0.02298
    26/999     5.29G  0.001111   0.00186   0.01852    0.0215        12       640    0.2685    0.7549    0.3103    0.2886  0.003584  0.005837   0.02442
    27/999     5.29G  0.001112  0.001869   0.01811   0.02109        12       640    0.2834    0.6783     0.312    0.2849  0.003767  0.006626   0.02407
    28/999     5.29G  0.001109  0.001841   0.01788   0.02083        12       640    0.2795    0.7387    0.3168    0.2923  0.003682  0.007166   0.02353
    29/999     5.29G  0.001105  0.001845   0.01761   0.02056        12       640    0.2932    0.6861    0.3247     0.304  0.003545   0.00595   0.02407
    30/999     5.29G  0.001134  0.001855   0.01741    0.0204        12       640    0.2878    0.6838    0.3081    0.2827  0.003651  0.006016   0.02419
    31/999     5.29G   0.00113  0.001874   0.01744   0.02044        12       640    0.2996    0.6871    0.3321    0.3067  0.003697  0.006503   0.02386
    32/999     5.29G  0.001267  0.002432   0.01944   0.02314        12       640    0.2518    0.8702    0.3231    0.2969  0.003769  0.005114   0.02662
    33/999     5.29G  0.001174  0.002307   0.01971   0.02319        12       640    0.2993    0.7006    0.3288    0.3034  0.003749  0.006088   0.02268
    34/999     5.29G  0.001116   0.00209   0.01846   0.02167        12       640    0.2933    0.7319    0.3384    0.3118  0.003754  0.006641   0.02279
    35/999     5.29G  0.001077  0.001976   0.01785    0.0209        12       640    0.3138    0.6413    0.3383    0.3134  0.003719  0.006846    0.0229
    36/999     5.29G  0.001069  0.001938   0.01738   0.02039        12       640    0.2853      0.77    0.3361    0.3094  0.003778  0.006365   0.02337
    37/999     5.29G  0.001106  0.001902   0.01662   0.01963        12       640    0.2818     0.731    0.3214    0.2983  0.003668  0.006548   0.02448
    38/999     5.29G  0.001088  0.001865   0.01621   0.01917        12       640    0.2824    0.7806     0.333    0.3078   0.00373  0.007092   0.02409
    39/999     5.29G  0.001131  0.001958   0.01655   0.01964        12       640    0.2969    0.7372    0.3376     0.307  0.003803   0.00664   0.02377
    40/999     5.29G  0.001166  0.001926    0.0162   0.01929        12       640    0.2839    0.7109     0.319    0.2871  0.003803  0.006832    0.0252
    41/999     5.29G  0.001101  0.001884   0.01586   0.01884        12       640    0.2815    0.7257    0.3247    0.2952  0.003806  0.007044   0.02518
