     0/999    0.388G   0.02862   0.01359   0.03298   0.07519        15       640    0.0217    0.3141   0.02369  0.004239  0.009886   0.00616   0.01934
     1/999     4.82G    0.0263  0.008322   0.02983   0.06445        14       640   0.01043    0.6178   0.01096  0.002372  0.009973  0.004748   0.01925
     2/999     5.28G   0.02517  0.007866   0.02897   0.06201        17       640   0.01103    0.6178   0.01108  0.002859  0.009871  0.004388   0.01923
     3/999     5.29G   0.02185  0.007844    0.0286   0.05829        14       640   0.05297     0.145   0.05736   0.01852  0.009988  0.004074   0.01922
     4/999     5.29G   0.02073  0.008223   0.02981   0.05876        15       640    0.1239    0.2191     0.095   0.03769  0.009944  0.003822    0.0192
     5/999     5.29G    0.0176  0.007841   0.02904   0.05449        12       640   0.02091    0.6791   0.02095  0.004144  0.007398  0.004565    0.0192
     6/999     5.29G   0.01534  0.007258   0.02816   0.05076        12       640    0.1505    0.5713    0.1536   0.06245  0.006459  0.003597   0.01918
     7/999     5.29G   0.01394   0.00593   0.02831   0.04818        14       640    0.1876    0.7068     0.197    0.1202  0.005338  0.002997   0.01918
     8/999     5.29G   0.01301  0.005106    0.0289   0.04701        12       640    0.1924    0.9419    0.2106    0.1551  0.004594  0.002605   0.01917
     9/999     5.29G   0.01214  0.004693   0.02878   0.04561        15       640    0.1981    0.9602    0.2153    0.1636  0.004811  0.002328   0.01918
    10/999     5.29G   0.01114  0.004177   0.02984   0.04516        15       640    0.2004    0.9785    0.2138    0.1807  0.003797  0.002023   0.01918
    11/999     5.29G   0.00922  0.003762   0.02709   0.04007        17       640    0.1996    0.9939    0.2168    0.1893  0.003844  0.001862   0.01918
    12/999     5.29G  0.008531  0.003465   0.02738   0.03938        12       640    0.2002    0.9971    0.2157    0.1938  0.003643  0.001996   0.01918
    13/999     5.29G  0.008832   0.00309   0.02783   0.03975        14       640    0.2001    0.9958    0.2151    0.1973  0.003538  0.002031   0.01919
    14/999     5.29G  0.008375  0.002986    0.0284   0.03976        12       640       0.2    0.9995     0.218    0.2047  0.003112  0.001954   0.01918
    15/999     5.29G  0.007742  0.002793    0.0279   0.03843        18       640    0.2001    0.9968     0.218    0.2009  0.003292  0.001971   0.01919
    16/999     5.29G   0.00758  0.002771   0.02813   0.03848        16       640       0.2    0.9979    0.2184    0.2123  0.002713  0.001902   0.01919
    17/999     5.29G  0.007741  0.002611   0.02848   0.03884        18       640    0.2005    0.9863    0.2134    0.2005  0.003131   0.00189    0.0192
    18/999     5.29G  0.006779  0.002534   0.02759   0.03691        15       640       0.2    0.9982    0.2104    0.2046  0.002781  0.002029   0.01918
    19/999     5.29G  0.007098  0.002524   0.02903   0.03865        15       640    0.2001    0.9962     0.218    0.2133  0.002638  0.001784   0.01918
    20/999     5.29G  0.006156  0.002297   0.02693   0.03538        21       640    0.1999    0.9988    0.2151    0.2084  0.002835  0.001845   0.01918
    21/999     5.29G  0.006459  0.002346   0.02768   0.03649        18       640    0.2006    0.9916    0.2156    0.2122  0.002618  0.001739   0.01919
    22/999     5.29G  0.006504  0.002242    0.0286   0.03735        12       640       0.2    0.9987     0.215     0.212  0.002519  0.001831   0.01918
    23/999     5.29G  0.006737   0.00226    0.0285    0.0375        15       640       0.2    0.9958    0.2121    0.2087  0.002533  0.001699   0.01919
    24/999     5.29G  0.006322  0.002248   0.02903    0.0376        16       640    0.1999    0.9995    0.2153    0.2116  0.002423  0.001677   0.01918
    25/999     5.29G   0.00549  0.002162   0.02707   0.03472        18       640       0.2    0.9992    0.2169    0.2132   0.00256  0.001789   0.01918
    26/999     5.29G  0.005489  0.002094   0.02789   0.03547        12       640    0.1999    0.9989    0.2211    0.2163   0.00271   0.00199   0.01919
    27/999     5.29G  0.005458  0.002088   0.02748   0.03503        13       640    0.1963    0.8285    0.1982    0.1689  0.005285  0.002279    0.0192
    28/999     5.29G  0.006076   0.00209   0.02912   0.03728        17       640    0.2001    0.9947    0.2196    0.2162  0.002319  0.001794   0.01919
    29/999     5.29G   0.00563  0.001982   0.02756   0.03517        12       640    0.2003    0.9963    0.2167    0.2131  0.002137  0.001518   0.01918
    30/999     5.29G  0.005647  0.001964   0.02829   0.03591        14       640       0.2    0.9989    0.2207    0.2173  0.002463  0.001879   0.01918
    31/999     5.29G  0.005486  0.001926   0.02847   0.03588        17       640    0.1999    0.9995     0.219     0.216  0.002052  0.001468   0.01918
    32/999     5.29G  0.005347   0.00182   0.02778   0.03495        19       640       0.2    0.9989    0.2202    0.2175  0.001893  0.001514   0.01917
    33/999     5.29G  0.006009  0.001817    0.0285   0.03633        16       640    0.1969    0.8244    0.1976    0.1709  0.005573  0.002129   0.01917
    34/999     5.29G  0.005494  0.001856   0.02828   0.03563        13       640    0.1999    0.9988    0.2205    0.2169   0.00203  0.001613   0.01918
    35/999     5.29G  0.005813   0.00184   0.02942   0.03707        16       640       0.2     0.999    0.2166    0.2138  0.001868  0.001546   0.01917
    36/999     5.29G  0.004823  0.001755   0.02735   0.03393        15       640    0.2004    0.9921    0.2196    0.2163  0.001982  0.001484   0.01918
    37/999     5.29G  0.005248  0.001759   0.02838   0.03538        13       640       0.2    0.9979    0.2229    0.2202  0.001802  0.001443   0.01918
    38/999     5.29G  0.004866  0.001737   0.02818   0.03478        12       640       0.2    0.9979    0.2188    0.2157  0.001818  0.001452   0.01918
    39/999     5.29G  0.005445  0.001728   0.02841   0.03558        18       640    0.2003    0.9931    0.2203    0.2174  0.001791  0.001518   0.01918
    40/999     5.29G  0.005313   0.00178   0.02941    0.0365        12       640    0.2001    0.9984    0.2186    0.2158   0.00178  0.001619   0.01919
    41/999     5.29G  0.005199  0.001655   0.02839   0.03524        14       640       0.2    0.9989    0.2197    0.2161  0.001745  0.001415   0.01918
    42/999     5.29G   0.00539  0.001653   0.02879   0.03583        15       640    0.2004     0.992    0.2179    0.2142  0.001915  0.001457   0.01918
    43/999     5.29G  0.004813  0.001701   0.02931   0.03582        12       640    0.2001    0.9953    0.2189     0.216  0.001862  0.001486   0.01918
    44/999     5.29G  0.004584  0.001676   0.02835   0.03461        17       640    0.2006    0.9864    0.2139    0.2106  0.001739  0.001339   0.01919
    45/999     5.29G  0.004578  0.001676   0.02838   0.03464        15       640    0.2005    0.9916    0.2118    0.2086  0.001825  0.001541   0.01918
    46/999     5.29G  0.004722  0.001647   0.02826   0.03463        18       640    0.1999    0.9993    0.2183    0.2149  0.001802  0.001487   0.01918
    47/999     5.29G   0.00421   0.00156   0.02705   0.03282        12       640    0.2001    0.9989    0.2143    0.2111  0.001814   0.00139   0.01918
    48/999     5.29G  0.004426   0.00154   0.02703     0.033        12       640       0.2    0.9958    0.2191     0.216  0.001667  0.001454   0.01919
    49/999     5.29G  0.004895  0.001581   0.02858   0.03506        12       640    0.1999     0.998    0.2115    0.2074  0.001934  0.001625   0.01918
    50/999     5.29G  0.004866  0.001603   0.02963   0.03609        16       640       0.2    0.9969    0.2155    0.2125  0.001663   0.00162   0.01918
    51/999     5.29G  0.004387  0.001536   0.02775   0.03367        19       640    0.2002    0.9957    0.2177    0.2147    0.0017  0.001659   0.01918
    52/999     5.29G  0.005109  0.001599   0.02899    0.0357        17       640       0.2    0.9974    0.2167    0.2136  0.001657  0.001647   0.01918
    53/999     5.29G  0.004285  0.001596   0.02847   0.03435        13       640    0.2001    0.9948    0.2098    0.2066  0.001585  0.001576   0.01919
    54/999     5.29G  0.004624  0.001525     0.029   0.03515        15       640    0.2001    0.9958     0.218    0.2158  0.001616  0.001474   0.01919
    55/999     5.29G  0.004787  0.001571   0.02902   0.03537        18       640    0.2001    0.9947    0.2144    0.2117  0.001597  0.001514   0.01918
    56/999     5.29G  0.004421  0.001522   0.02878   0.03472        13       640       0.2    0.9981    0.2154    0.2104   0.00178  0.001677   0.01918
    57/999     5.29G  0.004693  0.001486    0.0295   0.03568        13       640    0.2001    0.9978    0.2133    0.2106  0.001608  0.001587   0.01919
    58/999     5.29G  0.005146  0.001541   0.02993   0.03662        18       640    0.2001     0.999    0.2129    0.2102  0.001626  0.001615   0.01918
    59/999     5.29G  0.004112  0.001413   0.02702   0.03255        15       640    0.2001    0.9979    0.2139    0.2117  0.001489  0.001703   0.01918
    60/999     5.29G  0.003859  0.001448   0.02744   0.03275        17       640    0.2002    0.9942    0.2139    0.2113  0.001491  0.001641   0.01918
    61/999     5.29G  0.004205  0.001422   0.02848    0.0341        16       640    0.2001    0.9974    0.2114    0.2091  0.001539  0.001575   0.01918
    62/999     5.29G  0.004258  0.001451   0.02827   0.03397        15       640    0.2003    0.9932    0.2134     0.211  0.001494  0.001653   0.01918
    63/999     5.29G  0.004366  0.001445   0.02867   0.03448        12       640    0.2002    0.9979     0.209    0.2065  0.001511  0.001666   0.01919
    64/999     5.29G   0.00416  0.001432   0.02859   0.03418        19       640       0.2    0.9979    0.2121    0.2099  0.001546   0.00166   0.01919
    65/999     5.29G  0.003803  0.001376   0.02744   0.03262        16       640       0.2     0.986    0.2167    0.2095  0.001956  0.001739   0.01919
    66/999     5.29G  0.003928  0.001439   0.02888   0.03425        15       640    0.2001    0.9963    0.2168    0.2145  0.001587  0.001631   0.01919
    67/999     5.29G  0.003786  0.001332   0.02785   0.03296        22       640       0.2    0.9994     0.213    0.2106  0.001525  0.001671   0.01919
