     0/299    0.445G   0.05284   0.04511   0.05912    0.1571        21       640    0.1456    0.3115    0.1325   0.04974   0.02246   0.03677   0.05595
     1/299     4.82G   0.02413   0.03686   0.05565    0.1166        17       640    0.1989    0.9479    0.2184    0.1126   0.02393   0.02463   0.05527
     2/299     5.28G   0.02411   0.02538    0.0554    0.1049        12       640    0.2002    0.9759    0.2216    0.1895   0.02133    0.0203   0.05533
     3/299     5.28G   0.02344   0.02217   0.05532    0.1009        18       640    0.2004    0.9958    0.2223    0.1992   0.01403   0.01741   0.05519
     4/299     5.29G   0.01789   0.01949   0.05523   0.09261        17       640    0.2269    0.7338    0.2617    0.2324  0.008759   0.01509   0.05508
     5/299     5.29G   0.01336   0.01662   0.05512    0.0851        13       640    0.2315    0.8895    0.2934    0.2641  0.009064   0.01508   0.05443
     6/299     5.29G   0.01049   0.01478   0.05379   0.07906        16       640    0.2417    0.9251    0.3118    0.2974  0.006857   0.01466   0.05481
     7/299     5.29G  0.009182   0.01377   0.05214   0.07509        12       640    0.2894    0.8157    0.3477    0.3316  0.006002   0.01532   0.05264
     8/299     5.29G  0.008112   0.01339   0.05066   0.07216        16       640    0.3101    0.8047    0.3497    0.3354  0.005262   0.01461   0.05005
     9/299     5.29G  0.007619   0.01304   0.04987   0.07054        20       640    0.3406    0.7798    0.3819    0.3629  0.006676   0.01373   0.04812
    10/299     5.29G  0.006979   0.01251   0.04943   0.06892        23       640    0.3521    0.7811    0.4056     0.393  0.005625   0.01372   0.04722
    11/299     5.29G  0.007085   0.01234   0.04893   0.06836        16       640     0.297    0.8043    0.3909    0.3805  0.005193   0.01407   0.05391
    12/299     5.29G  0.006443   0.01221   0.04858   0.06724        16       640    0.3361    0.7793    0.3945    0.3869  0.004832   0.01337   0.04826
    13/299     5.29G  0.006401   0.01204   0.04832   0.06677        19       640     0.344    0.8173    0.4242     0.416  0.004738   0.01359   0.04675
    14/299     5.29G  0.006167   0.01168   0.04815   0.06599        12       640     0.356    0.8058    0.4215    0.4135  0.004768   0.01299   0.04647
    15/299     5.29G  0.005698   0.01131   0.04782   0.06483        12       640    0.3435    0.8478    0.4084    0.3945  0.005269   0.01305   0.04659
    16/299     5.29G  0.005803    0.0114   0.04779   0.06499        15       640    0.3536    0.8075    0.4211    0.4103  0.005287   0.01274   0.04615
    17/299     5.29G  0.005653   0.01117    0.0475   0.06431        20       640    0.3464     0.777    0.4041    0.3965   0.00455   0.01286   0.04714
    18/299     5.29G  0.005456   0.01117   0.04766   0.06429        15       640    0.3583    0.8236    0.4351    0.4262  0.004765   0.01472   0.04548
    19/299     5.29G  0.005557   0.01111   0.04746   0.06412        16       640    0.3309     0.809    0.4314    0.4139  0.005919     0.015   0.04907
    20/299     5.29G   0.00508   0.01093   0.04719   0.06321        14       640    0.3955    0.7424     0.451    0.4412  0.004622   0.01453   0.04505
    21/299     5.29G  0.005075    0.0109   0.04705   0.06303        18       640    0.3707    0.7994    0.4592    0.4466  0.005107   0.01338   0.04539
    22/299     5.29G  0.005223    0.0109   0.04657    0.0627        17       640    0.3747    0.7825    0.4623    0.4531   0.00444   0.01279   0.04546
    23/299     5.29G  0.004817   0.01075    0.0465   0.06207        13       640    0.3795    0.8128    0.4796    0.4648  0.005209   0.01407    0.0444
    24/299     5.29G  0.005211   0.01073   0.04619   0.06213        13       640    0.4139     0.749    0.4955    0.4868  0.004607   0.01449   0.04373
    25/299     5.29G  0.004944   0.01068   0.04603   0.06165        19       640    0.3888    0.7344    0.4728    0.4623  0.004902   0.01323   0.04445
    26/299     5.29G  0.004796   0.01025   0.04534   0.06038        16       640    0.4081    0.7591    0.4965    0.4888  0.004711   0.01381   0.04303
    27/299     5.29G  0.004979   0.01015   0.04561   0.06074        21       640    0.3879    0.7314      0.46    0.4529  0.004523   0.01554   0.04639
    28/299     5.29G  0.004864   0.01019   0.04548   0.06053        19       640    0.4038    0.7796    0.4975    0.4898  0.004551   0.01483   0.04346
    29/299     5.29G  0.004781   0.01011   0.04528   0.06017        16       640    0.3708    0.7534    0.4765    0.4683  0.003973   0.01355    0.0462
    30/299     5.29G  0.004652   0.01019   0.04504   0.05989        13       640    0.4007    0.7899    0.4975    0.4904  0.004357    0.0151   0.04341
    31/299     5.29G  0.004524  0.009985   0.04472   0.05923        14       640     0.418    0.7518    0.4946     0.487  0.004011   0.01465   0.04324
    32/299     5.29G  0.004522  0.009925   0.04507   0.05952        20       640    0.4104    0.7265    0.4735    0.4674  0.004254   0.01318   0.04637
    33/299     5.29G  0.004469   0.00982   0.04462    0.0589        19       640    0.4278    0.7524    0.5043     0.496  0.004455   0.01481   0.04299
    34/299     5.29G  0.004567  0.009919   0.04454   0.05902        19       640    0.4388    0.7241    0.5028    0.4947  0.004053   0.01504   0.04305
    35/299     5.29G  0.004423  0.009537   0.04457   0.05853        15       640    0.4332     0.748    0.5111    0.5032  0.004454    0.0156   0.04264
    36/299     5.29G  0.004411  0.009651   0.04443   0.05849        19       640    0.4429     0.753    0.5235    0.5158  0.004246    0.0148   0.04365
    37/299     5.29G  0.004431  0.009575   0.04423   0.05824        13       640    0.4209    0.7597    0.5126    0.5046  0.004048   0.01407   0.04238
    38/299     5.29G  0.004266  0.009602   0.04453    0.0584        16       640    0.4307    0.7526    0.5075    0.5008  0.003898   0.01518    0.0432
    39/299     5.29G  0.004234  0.009522   0.04405   0.05781        17       640    0.4327    0.7408    0.5217    0.5105  0.004303   0.01433   0.04257
    40/299     5.29G  0.004224   0.00955   0.04439   0.05817        18       640    0.4503     0.745    0.5237    0.5167  0.004095   0.01376   0.04255
    41/299     5.29G  0.004271  0.009573   0.04427   0.05811        21       640    0.4353    0.7631    0.5262    0.5185  0.004096   0.01493   0.04208
    42/299     5.29G  0.004212  0.009414   0.04385   0.05748        18       640    0.4527    0.7193    0.5224    0.5141  0.004062   0.01539    0.0418
    43/299     5.29G  0.004133  0.009413   0.04387   0.05742        17       640    0.4414    0.7257    0.5313    0.5236   0.00359   0.01387   0.04179
    44/299     5.29G  0.004124  0.009571   0.04341    0.0571        22       640    0.4234    0.7916     0.529    0.5221  0.003914   0.01347   0.04246
    45/299     5.29G  0.004149  0.009148   0.04397   0.05726        21       640    0.4306    0.7602    0.5293    0.5204  0.004025   0.01616   0.04212
    46/299     5.29G  0.004185   0.00944   0.04339   0.05701        18       640    0.4426     0.734    0.5222    0.5154  0.003824   0.01667   0.04195
    47/299     5.29G  0.004001  0.009172   0.04356   0.05673        12       640     0.454    0.7629    0.5351    0.5277  0.003926   0.01326   0.04153
    48/299     5.29G  0.004071  0.009183   0.04392   0.05718        22       640    0.4406    0.7513     0.529    0.5222  0.003678   0.01298   0.04109
    49/299     5.29G  0.004071  0.009075   0.04297   0.05612        12       640    0.4568    0.7565    0.5434    0.5365  0.003596   0.01453   0.04052
    50/299     5.29G   0.00398  0.008944   0.04317   0.05609        13       640    0.4365    0.7934    0.5483    0.5413  0.003924   0.01426    0.0407
    51/299     5.29G   0.00397  0.008964   0.04313   0.05606        19       640    0.4312     0.786    0.5321    0.5249  0.003537   0.01318   0.04102
    52/299     5.29G  0.003877  0.009086   0.04305   0.05602        17       640     0.444    0.7628    0.5427    0.5358  0.003787   0.01392   0.04119
    53/299     5.29G  0.003922  0.009069   0.04271    0.0557        21       640    0.4563    0.7569    0.5331    0.5264  0.003886   0.01275   0.04154
    54/299     5.29G  0.004056  0.009198   0.04276   0.05602        18       640    0.4646    0.7473    0.5405    0.5341  0.003602   0.01384   0.04164
    55/299     5.29G  0.003736  0.008937   0.04341   0.05608        16       640    0.4577    0.7379    0.5463    0.5405   0.00396   0.01245   0.04114
    56/299     5.29G  0.003767  0.009146   0.04275   0.05566        19       640    0.4433    0.7707    0.5349    0.5269  0.004071   0.01459   0.04211
    57/299     5.29G  0.003868  0.008988    0.0432   0.05605        18       640    0.4571    0.7708    0.5483    0.5408  0.003565   0.01415   0.04083
    58/299     5.29G  0.003769  0.008863   0.04275   0.05538        19       640    0.4405    0.7789     0.541    0.5353  0.003563   0.01357   0.04187
    59/299     5.29G  0.003825  0.008899   0.04241   0.05514        18       640    0.4569    0.7631    0.5398    0.5329  0.003309   0.01269   0.04099
    60/299     5.29G  0.003829  0.008925   0.04293   0.05569        21       640    0.4553    0.7576    0.5426    0.5363  0.003503   0.01329   0.04102
    61/299     5.29G  0.003653  0.008866    0.0423   0.05482        17       640    0.4584    0.7384    0.5541    0.5471  0.003998   0.01469   0.04041
    62/299     5.29G  0.003755  0.008879   0.04277    0.0554        14       640    0.4485    0.7707    0.5361    0.5299  0.003603   0.01278   0.04107
    63/299     5.29G  0.003625  0.008753   0.04251   0.05488        20       640    0.4595    0.7523    0.5427    0.5353  0.003458   0.01313   0.04144
    64/299     5.29G  0.003823  0.008883   0.04278   0.05549        19       640     0.477    0.7594    0.5505    0.5444  0.003492   0.01433   0.04083
    65/299     5.29G  0.003615  0.008845   0.04242   0.05488        15       640    0.4493    0.7611    0.5424    0.5354  0.003512   0.01344   0.04058
    66/299     5.29G   0.00372   0.00877   0.04242   0.05491        14       640    0.4301     0.788    0.5357    0.5289  0.003311   0.01298   0.04137
    67/299     5.29G  0.003647   0.00873    0.0423   0.05468        21       640    0.4543    0.7665    0.5495    0.5429  0.003425   0.01327   0.04061
    68/299     5.29G   0.00362    0.0087   0.04248    0.0548        12       640    0.4576    0.7617    0.5461    0.5394  0.003953   0.01469   0.04116
    69/299     5.29G  0.003572  0.008721   0.04223   0.05453        18       640    0.4673    0.7595    0.5499    0.5436  0.003284   0.01303   0.04001
    70/299     5.29G  0.003592  0.008844   0.04235   0.05478        16       640    0.4708    0.7786    0.5663    0.5587  0.003336   0.01339   0.03969
    71/299     5.29G  0.003615  0.008507   0.04178    0.0539        18       640    0.4988    0.7183    0.5488     0.541  0.003446   0.01319   0.04144
    72/299     5.29G  0.003567  0.008732    0.0421    0.0544        17       640    0.4457    0.7985    0.5507    0.5446   0.00341   0.01392   0.04065
    73/299     5.29G  0.003538  0.008764   0.04196   0.05427        14       640    0.4804    0.7479    0.5657    0.5592  0.003331   0.01394   0.03942
    74/299     5.29G   0.00358  0.008656   0.04208   0.05432        13       640    0.4513    0.8022     0.565    0.5582   0.00341   0.01365    0.0398
    75/299     5.29G  0.003526  0.008461    0.0417   0.05369        13       640    0.4751    0.7498    0.5574    0.5509  0.003424   0.01379   0.04023
    76/299     5.29G  0.003577   0.00854   0.04206   0.05418        16       640    0.4625    0.7911    0.5615    0.5542   0.00347   0.01344   0.03978
    77/299     5.29G  0.003468  0.008638   0.04192   0.05403        13       640    0.4699    0.7878    0.5646    0.5579  0.003208   0.01341   0.03962
    78/299     5.29G  0.003443  0.008632   0.04196   0.05404        16       640    0.4454    0.8264     0.563    0.5569  0.003335   0.01405    0.0396
    79/299     5.29G  0.003429  0.008372   0.04184   0.05365        18       640    0.5045    0.7462    0.5706     0.564  0.003235   0.01345   0.03934
    80/299     5.29G  0.003608  0.008606   0.04206   0.05427        18       640    0.4801     0.749    0.5667      0.56  0.003446   0.01279   0.03943
    81/299     5.29G  0.003433  0.008459   0.04193   0.05382        16       640    0.4925    0.7296    0.5656    0.5596  0.003367    0.0141   0.03935
    82/299     5.29G  0.003415  0.008461   0.04171   0.05358        16       640    0.4702    0.7768    0.5703    0.5636  0.003225   0.01352   0.03942
    83/299     5.29G  0.003324  0.008477   0.04168   0.05348        25       640    0.4599    0.7712    0.5561    0.5495  0.003394   0.01299   0.03987
    84/299     5.29G   0.00337  0.008396    0.0412   0.05297        18       640    0.5115    0.7155    0.5684    0.5618  0.003218   0.01324    0.0392
    85/299     5.29G  0.003467  0.008365   0.04116     0.053        17       640    0.4761     0.785    0.5748    0.5685  0.003182   0.01292   0.03891
    86/299     5.29G  0.003395  0.008361   0.04161   0.05337        17       640    0.4671    0.7879    0.5662    0.5594  0.003107   0.01256   0.03914
    87/299     5.29G  0.003383  0.008598   0.04184   0.05382        21       640    0.4915    0.7518    0.5747    0.5675  0.003226   0.01274   0.03946
    88/299     5.29G  0.003331   0.00838   0.04084   0.05255        16       640    0.4856    0.7737    0.5761    0.5687   0.00313   0.01293   0.03916
    89/299     5.29G  0.003293  0.008324   0.04183   0.05344        16       640    0.4708    0.7937    0.5714    0.5648  0.003177   0.01343    0.0392
    90/299     5.29G  0.003364   0.00836   0.04136   0.05308        15       640    0.4934    0.7549     0.576    0.5697  0.003106   0.01297   0.03899
    91/299     5.29G  0.003312  0.008372   0.04107   0.05276        14       640    0.4791    0.7866    0.5813    0.5748  0.003059    0.0129   0.03886
    92/299     5.29G  0.003445  0.008351   0.04105   0.05285        14       640    0.4961    0.7652    0.5799    0.5734  0.003227   0.01337   0.03902
    93/299     5.29G  0.003258  0.008191   0.04114   0.05259        15       640    0.4813    0.7738    0.5781    0.5712  0.003199   0.01336    0.0386
    94/299     5.29G  0.003282  0.008406   0.04162    0.0533        16       640    0.4875    0.7693    0.5745    0.5676  0.003104    0.0128   0.03881
    95/299     5.29G  0.003292  0.008362   0.04138   0.05304        18       640    0.4993    0.7615    0.5789    0.5726  0.003172   0.01295   0.03884
    96/299     5.29G  0.003238  0.008305   0.04127   0.05281        20       640    0.4824    0.7898    0.5841    0.5777   0.00313   0.01329    0.0389
    97/299     5.29G  0.003235  0.008307   0.04092   0.05246        15       640    0.5002     0.746    0.5776    0.5712  0.003037   0.01344   0.03898
    98/299     5.29G  0.003291  0.008036   0.04092   0.05225        24       640    0.4947    0.7552    0.5802    0.5736  0.003094   0.01393   0.03857
    99/299     5.29G  0.003157  0.008198   0.04071   0.05206        15       640    0.4989    0.7532    0.5811    0.5745  0.003164   0.01366   0.03846
   100/299     5.29G  0.003227   0.00823   0.04086   0.05231        17       640    0.5003    0.7529    0.5836    0.5772  0.003106    0.0131   0.03866
   101/299     5.29G  0.003177  0.008156   0.04113   0.05247        12       640    0.4853    0.7889    0.5834    0.5767  0.003056   0.01328   0.03862
   102/299     5.29G  0.003184  0.008288   0.04106   0.05253        14       640    0.4976    0.7707     0.589    0.5827  0.003159   0.01312   0.03839
   103/299     5.29G  0.003113  0.008286   0.04059   0.05199        13       640    0.4935     0.777    0.5861    0.5797  0.003089    0.0132   0.03847
   104/299     5.29G  0.003262  0.008236   0.04096   0.05246        13       640    0.4819    0.7984    0.5852     0.579  0.003096   0.01295   0.03861
   105/299     5.29G  0.003128  0.008225   0.04072   0.05207        15       640    0.5017    0.7678    0.5884    0.5825  0.003044   0.01309   0.03876
   106/299     5.29G  0.003138  0.008136   0.04078   0.05205        17       640    0.5086    0.7494    0.5907    0.5845  0.002993   0.01308   0.03858
   107/299     5.29G  0.003144  0.008133   0.04048   0.05176        16       640    0.4844     0.784    0.5942    0.5879  0.003076   0.01295   0.03849
   108/299     5.29G  0.003077  0.008178   0.04092   0.05218        21       640    0.4872    0.7837    0.5967    0.5904  0.003107   0.01308   0.03832
   109/299     5.29G  0.003082  0.007907   0.04041    0.0514        13       640    0.4997     0.762    0.5929    0.5866  0.003088   0.01332   0.03824
   110/299     5.29G  0.003145  0.008312   0.04042   0.05187        21       640    0.5026    0.7665    0.5939    0.5877  0.003059   0.01284   0.03821
   111/299     5.29G  0.003095  0.008152   0.04056   0.05181        12       640    0.5064    0.7534    0.5941    0.5882  0.003056   0.01316   0.03823
   112/299     5.29G   0.00313  0.008142   0.03992    0.0512        16       640    0.5135    0.7425    0.5952    0.5891    0.0031   0.01304   0.03806
   113/299     5.29G  0.003026  0.007852   0.04057   0.05145        17       640    0.4971    0.7786    0.5918    0.5855  0.003102   0.01306   0.03805
   114/299     5.29G  0.003093  0.008008    0.0403    0.0514        16       640     0.512    0.7435    0.5944     0.588  0.003027   0.01278    0.0381
   115/299     5.29G  0.003137  0.008136   0.03981   0.05109        16       640    0.5014     0.788    0.5939    0.5873  0.003074   0.01279   0.03821
   116/299     5.29G     0.003  0.007966   0.04013    0.0511        12       640    0.4944    0.7925    0.5933    0.5871  0.003031   0.01281   0.03816
   117/299     5.29G  0.003044  0.007994   0.04045   0.05149        12       640    0.4887    0.7983    0.5928    0.5864  0.002954   0.01277   0.03812
   118/299     5.29G  0.003023  0.007978   0.04031   0.05131        18       640    0.4981    0.7881    0.5919    0.5855  0.002941   0.01272   0.03802
   119/299     5.29G   0.00311  0.007849   0.04025   0.05121        15       640    0.4985    0.7801    0.5921    0.5856  0.003008   0.01286   0.03804
   120/299     5.29G  0.003085  0.007835    0.0401   0.05102        13       640    0.4901    0.8004    0.5945     0.588  0.003013   0.01278   0.03807
   121/299     5.29G  0.003025  0.007987   0.03989    0.0509        15       640    0.4942    0.7886    0.5955    0.5886  0.002996   0.01274   0.03807
   122/299     5.29G  0.002925  0.007976   0.04016   0.05106        17       640    0.4979    0.7872    0.5967    0.5899  0.003019   0.01284   0.03801
   123/299     5.29G  0.003033  0.007919   0.04063   0.05158        15       640    0.5121    0.7617    0.5957     0.589  0.002993   0.01265   0.03801
   124/299     5.29G  0.002925  0.007942   0.04003    0.0509        12       640    0.5162     0.751    0.5948     0.588  0.003019   0.01272   0.03807
   125/299     5.29G   0.00304  0.007759   0.03966   0.05046        18       640    0.5153    0.7533    0.5958    0.5891  0.003062   0.01278   0.03796
   126/299     5.29G  0.002948  0.007771   0.03957   0.05029        15       640    0.5068    0.7717    0.5988    0.5922  0.003032   0.01291   0.03791
   127/299     5.29G  0.002912  0.007987   0.03993   0.05083        16       640    0.5135    0.7575    0.6013    0.5946  0.002988    0.0131   0.03785
   128/299     5.29G  0.002937  0.008039   0.03975   0.05072        17       640    0.5159    0.7539    0.5998    0.5932  0.003009   0.01304   0.03781
   129/299     5.29G  0.002985  0.007956   0.03935   0.05029        19       640    0.5115    0.7635       0.6    0.5935  0.002983   0.01305   0.03777
   130/299     5.29G  0.002962  0.008042   0.03991   0.05092        19       640    0.4954    0.7934    0.5995    0.5928  0.002975   0.01302    0.0379
   131/299     5.29G  0.002831  0.007832   0.03963    0.0503        15       640    0.5104     0.761    0.5991    0.5925  0.003005    0.0131   0.03791
   132/299     5.29G  0.002852  0.007739   0.03956   0.05015        15       640    0.5136     0.758    0.5998     0.593  0.002969   0.01302   0.03785
   133/299     5.29G  0.002883  0.007807   0.03957   0.05026        17       640    0.5086    0.7657    0.6002    0.5935   0.00295   0.01309   0.03789
   134/299     5.29G  0.002828  0.007865   0.03961   0.05031        13       640    0.5082    0.7601    0.6007     0.594   0.00297   0.01317   0.03787
   135/299     5.29G  0.002883  0.008019   0.03909   0.04999        16       640    0.5089    0.7669    0.6002    0.5935   0.00298   0.01319   0.03789
   136/299     5.29G  0.002937  0.007819   0.03959   0.05034        14       640    0.5076    0.7655    0.6002    0.5936  0.002998   0.01333   0.03789
   137/299     5.29G  0.002834  0.007785   0.03978    0.0504        22       640    0.5039    0.7687    0.5991    0.5923  0.003019   0.01338   0.03794
   138/299     5.29G   0.00289  0.007987   0.03931   0.05019        15       640    0.5006    0.7827    0.6009    0.5942  0.003017    0.0133   0.03788
   139/299     5.29G  0.002906  0.007713   0.03917   0.04979        20       640    0.5057    0.7634    0.6025    0.5955  0.002997    0.0131   0.03776
   140/299     5.29G  0.002907  0.007754   0.03903   0.04969        18       640    0.5129    0.7547    0.6024    0.5954  0.003005   0.01314   0.03771
   141/299     5.29G  0.002827  0.007682   0.03952   0.05003        13       640    0.5185    0.7385    0.6028    0.5956  0.002995     0.013   0.03769
   142/299     5.29G  0.002831  0.007779   0.03903   0.04964        14       640    0.5127    0.7546     0.603    0.5958  0.002977   0.01307   0.03764
   143/299     5.29G  0.002795  0.007743   0.03902   0.04956        16       640    0.5117    0.7607    0.6045    0.5972  0.002977   0.01302   0.03762
   144/299     5.29G  0.002766  0.007708   0.03871   0.04918        27       640    0.5091    0.7641    0.6033    0.5963   0.00296   0.01285   0.03772
   145/299     5.29G  0.002806  0.007852   0.03925   0.04991        18       640    0.5105    0.7564    0.6016    0.5945  0.002948   0.01285   0.03779
   146/299     5.29G  0.002763  0.007734   0.03859   0.04908        22       640    0.5121     0.751    0.6006    0.5938  0.002931   0.01286   0.03781
   147/299     5.29G  0.002804  0.007872   0.03914   0.04982        16       640      0.52    0.7335    0.5998    0.5927  0.002934   0.01282   0.03777
   148/299     5.29G  0.002801  0.007733    0.0385   0.04903        21       640    0.5157    0.7452    0.6004    0.5933  0.002927   0.01286   0.03774
   149/299     5.29G  0.002816  0.007647   0.03872   0.04919        15       640    0.5088     0.758    0.6006    0.5938   0.00292   0.01284   0.03776
   150/299     5.29G  0.002831  0.007714    0.0386   0.04914        12       640    0.5096    0.7631     0.601     0.594  0.002938   0.01284   0.03775
   151/299     5.29G  0.002738  0.007697   0.03879   0.04923        13       640    0.5126    0.7555    0.5997    0.5927  0.002928   0.01285   0.03777
   152/299     5.29G  0.002847   0.00776   0.03889   0.04949        16       640    0.5004    0.7835    0.5983    0.5915  0.002924   0.01283   0.03786
   153/299     5.29G   0.00273  0.007783   0.03819    0.0487        22       640    0.5048    0.7728    0.5983    0.5914  0.002918   0.01276   0.03784
   154/299     5.29G  0.002739  0.007601   0.03858   0.04892        17       640     0.512    0.7545    0.5988    0.5921  0.002898   0.01274   0.03785
   155/299     5.29G  0.002667  0.007476   0.03877   0.04891        16       640    0.5046    0.7724    0.5986    0.5921  0.002898   0.01274   0.03787
   156/299     5.29G  0.002687   0.00756   0.03786   0.04811        15       640    0.5171    0.7457    0.6005    0.5939  0.002899   0.01279   0.03787
   157/299     5.29G  0.002727   0.00783   0.03874   0.04929        24       640     0.516    0.7492    0.6016     0.595  0.002914   0.01286   0.03784
   158/299     5.29G  0.002711  0.007687   0.03819   0.04859        18       640    0.5126    0.7534     0.601    0.5945  0.002929   0.01293   0.03781
   159/299     5.29G  0.002594  0.007611   0.03905   0.04925        13       640    0.5138    0.7508    0.6008    0.5944  0.002929   0.01289   0.03782
   160/299     5.29G  0.002633  0.007566   0.03805   0.04825        14       640    0.5144    0.7528    0.6017     0.595  0.002929   0.01284   0.03781
   161/299     5.29G   0.00266  0.007691   0.03883   0.04918        16       640    0.5155     0.755    0.6013    0.5946  0.002929   0.01285   0.03783
   162/299     5.29G  0.002657  0.007542   0.03825   0.04845        16       640    0.5275     0.726    0.6011    0.5945   0.00293   0.01282   0.03783
   163/299     5.29G  0.002651  0.007524   0.03799   0.04816        16       640     0.526    0.7386    0.6012    0.5947   0.00293   0.01282   0.03779
