     0/999    0.388G  0.009299   0.01207   0.01484   0.03621        12       640  0.008647    0.9995    0.0341  0.006881  0.009321  0.006032   0.01508
     1/999     4.82G  0.007313  0.006658   0.01457   0.02854        12       640  0.007175    0.9927   0.01542  0.002795  0.008714  0.004743   0.01507
     2/999     5.28G  0.006776  0.005967   0.01455    0.0273        12       640  0.008711    0.9942   0.01927  0.003974   0.00913  0.004335   0.01515
     3/999     5.29G  0.006571  0.005669   0.01454   0.02678        12       640   0.01228    0.9995   0.04797   0.01051  0.008452  0.004082   0.01506
     4/999     5.29G  0.006431  0.005491   0.01453   0.02646        12       640   0.01297    0.9995   0.07252   0.01813  0.008402  0.003935   0.01505
     5/999     5.29G  0.006316  0.005329   0.01452   0.02617        12       640   0.09698    0.2198   0.08753   0.02613  0.008367  0.003851   0.01506
     6/999     5.29G  0.006228  0.005002   0.01453   0.02576        12       640   0.08355    0.3824   0.07665    0.0277  0.008278   0.00362   0.01505
     7/999     5.29G   0.00613  0.004828   0.01453   0.02548        12       640    0.1015    0.2864   0.08237   0.03134  0.008149  0.003573   0.01506
     8/999     5.29G  0.006106  0.004651   0.01452   0.02528        12       640   0.08577    0.4707   0.08626   0.03745  0.007956  0.003391   0.01505
     9/999     5.29G   0.00562  0.004365   0.01452   0.02451        12       640    0.1677    0.4358    0.1522   0.09577  0.006413  0.003388   0.01508
    10/999     5.29G  0.004019  0.003696   0.01452   0.02223        12       640     0.191    0.7552    0.2023    0.1517  0.004784  0.002741   0.01509
    11/999     5.29G  0.003291  0.002871    0.0145   0.02067        12       640     0.197    0.9487    0.2126    0.1846  0.004041  0.002231   0.01508
    12/999     5.29G  0.002666  0.002302   0.01447   0.01944        12       640    0.2002    0.9628    0.2259    0.2035  0.003891  0.002008   0.01506
    13/999     5.29G  0.002353  0.001976   0.01445   0.01877        12       640    0.2005    0.9801    0.2267    0.2075  0.003705  0.001862   0.01511
    14/999     5.29G  0.002165  0.001724   0.01444   0.01832        12       640    0.2004    0.9927    0.2244    0.2054  0.003656  0.001719   0.01514
    15/999     5.29G  0.001974  0.001511   0.01441    0.0179        12       640    0.2002    0.9942    0.2318    0.2183  0.003266   0.00167   0.01514
    16/999     5.29G  0.001785  0.001327   0.01438    0.0175        12       640    0.2121    0.8563    0.2505    0.2386  0.003197  0.001701   0.01513
    17/999     5.29G  0.001742  0.001222   0.01436   0.01732        12       640     0.213    0.8464     0.246    0.2337  0.003132  0.001706    0.0151
    18/999     5.29G  0.001592  0.001151   0.01435   0.01709        12       640    0.2172    0.8707    0.2513    0.2385  0.003277  0.001704   0.01508
    19/999     5.29G   0.00159  0.001101    0.0143   0.01699        12       640    0.2247    0.8293    0.2522    0.2389  0.003418  0.001851   0.01506
    20/999     5.29G  0.001514  0.001061   0.01425   0.01682        12       640    0.2196    0.8829    0.2523    0.2427  0.003613  0.001836   0.01504
    21/999     5.29G   0.00148  0.001035   0.01423   0.01674        12       640    0.2184    0.8683    0.2502    0.2396  0.003076  0.001823   0.01504
    22/999     5.29G  0.001468 0.0009995   0.01419   0.01665        12       640    0.2199     0.879    0.2514    0.2417  0.003506  0.001888   0.01507
    23/999     5.29G  0.001366 0.0009623   0.01415   0.01647        12       640    0.2222     0.833    0.2491    0.2391  0.003288  0.001822   0.01503
    24/999     5.29G  0.001374 0.0009396   0.01414   0.01645        12       640    0.2207    0.8212    0.2512    0.2416  0.003416   0.00193   0.01508
    25/999     5.29G  0.001303  0.000913   0.01409   0.01631        12       640    0.2235    0.8036    0.2456    0.2339    0.0036  0.002002   0.01513
    26/999     5.29G  0.001279 0.0008936   0.01407   0.01624        12       640    0.2148    0.8684    0.2474    0.2379  0.003394  0.001963   0.01513
    27/999     5.29G  0.001273 0.0008788   0.01404   0.01619        12       640    0.2177     0.856    0.2518    0.2407  0.003196  0.001897   0.01509
    28/999     5.29G   0.00119 0.0008588   0.01402   0.01607        12       640    0.2331    0.7333    0.2563    0.2467  0.003206  0.002026   0.01513
    29/999     5.29G  0.001283 0.0008458   0.01402   0.01615        12       640    0.2374    0.7223    0.2539    0.2431  0.003282  0.001929   0.01512
    30/999     5.29G  0.001195 0.0008256   0.01401   0.01603        12       640    0.2183    0.8843    0.2554    0.2444  0.003426  0.002058   0.01514
    31/999     5.29G  0.001162 0.0008182   0.01397   0.01595        12       640    0.2273    0.7377     0.248    0.2375  0.003338  0.002085   0.01521
    32/999     5.29G  0.001201 0.0008117   0.01395   0.01596        12       640     0.225    0.8181    0.2577    0.2488  0.003317  0.001988   0.01509
    33/999     5.29G  0.001152 0.0008025   0.01392   0.01588        12       640    0.2241    0.8147    0.2567    0.2481  0.003317  0.002021   0.01514
    34/999     5.29G  0.001132 0.0007922    0.0139   0.01582        12       640    0.2421    0.7038    0.2594    0.2494  0.003296  0.001979   0.01507
    35/999     5.29G  0.001111 0.0007767   0.01388   0.01577        12       640    0.2294    0.8314    0.2555    0.2442  0.003183   0.00204   0.01512
    36/999     5.29G  0.001091 0.0007728   0.01387   0.01573        12       640    0.2314    0.8094    0.2599    0.2506  0.003155  0.001953   0.01513
    37/999     5.29G  0.001071  0.000751   0.01384   0.01566        12       640    0.2332    0.8247    0.2595    0.2488  0.003171  0.002078   0.01503
    38/999     5.29G  0.001082 0.0007458   0.01379   0.01561        12       640     0.235    0.7984    0.2629    0.2532  0.003205  0.002111   0.01511
    39/999     5.29G  0.001066 0.0007423   0.01378   0.01559        12       640    0.2338    0.8257    0.2585    0.2484  0.003145   0.00207    0.0151
    40/999     5.29G  0.001051 0.0007354   0.01375   0.01554        12       640     0.235    0.7991     0.261    0.2504  0.003374  0.001965   0.01513
    41/999     5.29G  0.001059 0.0007347   0.01369   0.01549        12       640    0.2376    0.7576    0.2628    0.2528   0.00333  0.002099   0.01514
    42/999     5.29G   0.00102  0.000728   0.01368   0.01543        12       640    0.2329     0.824    0.2636    0.2541  0.003291  0.001994   0.01515
    43/999     5.29G  0.001047 0.0007195   0.01367   0.01543        12       640    0.2358    0.8419     0.275    0.2627  0.003284  0.002054   0.01511
    44/999     5.29G  0.001007 0.0007109   0.01364   0.01536        12       640    0.2407    0.8077    0.2718    0.2604  0.003185  0.001971   0.01501
    45/999     5.29G  0.001029 0.0007142   0.01357   0.01531        12       640    0.2315    0.8372    0.2692    0.2583  0.003237  0.002065   0.01513
    46/999     5.29G  0.001023 0.0007046   0.01355   0.01528        12       640    0.2453    0.8131    0.2841    0.2729    0.0033  0.002037     0.015
    47/999     5.29G  0.001043 0.0007127    0.0135   0.01525        12       640    0.2412    0.8386    0.2796    0.2691  0.003444   0.00189   0.01495
    48/999     5.29G  0.001018 0.0007063   0.01346   0.01518        12       640    0.2464    0.8094    0.2793    0.2676  0.003154  0.002057   0.01518
    49/999     5.29G 0.0009966 0.0007077   0.01338   0.01509        12       640    0.2614    0.7681     0.297     0.286  0.003255  0.001906   0.01484
    50/999     5.29G  0.001019 0.0006976   0.01332   0.01503        12       640    0.2524    0.8094    0.2937    0.2826  0.003246   0.00193   0.01488
    51/999     5.29G 0.0009812 0.0007006   0.01327   0.01495        12       640    0.2706    0.7031    0.3024    0.2919  0.003284  0.001849   0.01481
    52/999     5.29G 0.0009999 0.0006933   0.01329   0.01498        12       640    0.2652    0.7105    0.2945    0.2818  0.003335  0.001863   0.01497
    53/999     5.29G  0.000983 0.0006863   0.01324   0.01491        12       640    0.2646    0.7366    0.2937    0.2816  0.003327  0.001887   0.01489
    54/999     5.29G 0.0009765 0.0006841   0.01317   0.01484        12       640     0.281    0.6284    0.2945    0.2825  0.003252  0.001947   0.01491
    55/999     5.29G 0.0009767 0.0006903   0.01311   0.01477        12       640    0.2897    0.6329    0.3033    0.2905  0.003286  0.001917   0.01498
    56/999     5.29G 0.0009761 0.0006861   0.01307   0.01473        12       640    0.2705    0.7356    0.2997    0.2851  0.003438  0.001983   0.01527
    57/999     5.29G 0.0009689 0.0006761     0.013   0.01464        12       640    0.2675    0.7257    0.3102    0.2961  0.003409  0.001919   0.01487
    58/999     5.29G 0.0009946 0.0006811   0.01299   0.01467        12       640    0.2609    0.7665    0.3009    0.2882  0.003396  0.001941   0.01493
    59/999     5.29G 0.0009669 0.0006854   0.01292   0.01457        12       640    0.2671    0.7587    0.3067     0.292   0.00331  0.001996   0.01499
    60/999     5.29G 0.0009731 0.0006828   0.01287   0.01452        12       640    0.2753    0.7326    0.3127       0.3  0.003388  0.001948   0.01476
    61/999     5.29G 0.0009683  0.000667    0.0128   0.01444        12       640    0.2897    0.6891    0.3112    0.2971  0.003292   0.00191   0.01472
    62/999     5.29G 0.0009471 0.0006616   0.01274   0.01435        12       640    0.2778    0.7255    0.3161    0.3003  0.003258  0.001938   0.01468
    63/999     5.29G 0.0009494 0.0006616    0.0128   0.01442        12       640    0.2691    0.7702    0.3069    0.2919  0.003346   0.00197   0.01494
    64/999     5.29G 0.0009281 0.0006674   0.01269   0.01428        12       640    0.2883     0.676     0.305    0.2908   0.00342  0.001878    0.0153
    65/999     5.29G 0.0009548 0.0006758   0.01265   0.01428        12       640    0.2772    0.7173    0.3133    0.2983  0.003445  0.001914   0.01496
    66/999     5.29G 0.0009464 0.0006642   0.01259    0.0142        12       640     0.269    0.7665    0.3135    0.2967  0.003508  0.001961   0.01518
    67/999     5.29G 0.0009274 0.0006599   0.01262    0.0142        12       640    0.2771    0.7476      0.32    0.3066  0.003407  0.001871   0.01481
    68/999     5.29G 0.0009438 0.0006665   0.01256   0.01417        12       640     0.278     0.744    0.3115     0.298  0.003291  0.001819    0.0148
    69/999     5.29G 0.0009493 0.0006629   0.01245   0.01406        12       640    0.2751    0.7335    0.3101    0.2964  0.003349  0.001811   0.01493
    70/999     5.29G 0.0009507  0.000667   0.01254   0.01415        12       640    0.2719     0.725    0.3085    0.2943  0.003284  0.001827   0.01511
    71/999     5.29G 0.0009036 0.0006594   0.01235   0.01391        12       640    0.2927    0.7005    0.3217    0.3076  0.003353  0.001776    0.0149
    72/999     5.29G 0.0009361 0.0006604   0.01243   0.01403        12       640    0.2697    0.7817    0.3195    0.3059  0.003378  0.001779   0.01491
    73/999     5.29G 0.0009564 0.0006676   0.01227   0.01389        12       640    0.2633    0.8225    0.3226    0.3098  0.003234  0.001754   0.01502
    74/999     5.29G 0.0009147 0.0006705   0.01226   0.01385        12       640    0.2754    0.7675     0.311    0.2962  0.003332  0.001877   0.01507
    75/999     5.29G 0.0009528 0.0006552   0.01215   0.01376        12       640    0.2767    0.7728    0.3203     0.306  0.003386  0.001782    0.0151
    76/999     5.29G 0.0009267 0.0006566    0.0122   0.01378        12       640    0.2807    0.7555    0.3292    0.3146  0.003222  0.001793   0.01484
    77/999     5.29G  0.000939 0.0006602   0.01215   0.01374        12       640    0.2891    0.7447    0.3248    0.3113  0.003249  0.001784   0.01478
    78/999     5.29G 0.0009335 0.0006624   0.01207   0.01367        12       640    0.2735    0.7769    0.3137    0.3004   0.00326  0.001741   0.01546
    79/999     5.29G 0.0009318  0.000658   0.01196   0.01355        12       640    0.2811    0.7533    0.3188    0.3048  0.003397  0.001845    0.0152
    80/999     5.29G 0.0009122 0.0006658   0.01204   0.01361        12       640    0.2692    0.8117    0.3153    0.3015  0.003417  0.001892   0.01513
    81/999     5.29G  0.000934 0.0006608   0.01187   0.01347        12       640    0.2937    0.6929    0.3236    0.3105  0.003453  0.001802   0.01505
    82/999     5.29G 0.0009091 0.0006514   0.01193   0.01349        12       640     0.291    0.6785    0.3185    0.3057   0.00326  0.001769    0.0151
    83/999     5.29G 0.0009105  0.000662   0.01189   0.01346        12       640    0.2834    0.7737    0.3139    0.3007  0.003201   0.00178   0.01517
    84/999     5.29G 0.0009226 0.0006452   0.01175   0.01332        12       640    0.2886    0.7293    0.3181    0.3051  0.003264   0.00182   0.01513
    85/999     5.29G  0.000933 0.0006603   0.01176   0.01336        12       640    0.2932    0.7089     0.323    0.3105  0.003144  0.001817   0.01503
    86/999     5.29G 0.0009012 0.0006631   0.01178   0.01335        12       640    0.2748    0.7759    0.3227    0.3105   0.00299  0.001801   0.01508
    87/999     5.29G  0.000923 0.0006644   0.01166   0.01325        12       640    0.2939    0.7201    0.3231    0.3107  0.003131  0.001818   0.01494
    88/999     5.29G 0.0009086 0.0006658   0.01165   0.01323        12       640     0.295    0.7189    0.3232    0.3104  0.003173  0.001737   0.01487
    89/999     5.29G 0.0009032 0.0006604   0.01155   0.01312        12       640    0.2996    0.7061    0.3248    0.3124  0.003119   0.00174   0.01489
    90/999     5.29G 0.0009409 0.0006531   0.01161   0.01321        12       640    0.2907    0.7434    0.3263     0.313  0.003068  0.001864   0.01502
    91/999     5.29G 0.0009154 0.0006518   0.01154    0.0131        12       640    0.2887    0.7608    0.3251    0.3113    0.0032  0.001824   0.01516
    92/999     5.29G 0.0009006 0.0006576   0.01137   0.01293        12       640    0.2865    0.7545    0.3194    0.3057  0.003081  0.001807   0.01529
    93/999     5.29G 0.0008948 0.0006562   0.01144   0.01299        12       640    0.2862     0.723    0.3175    0.3036  0.003127  0.001841   0.01552
    94/999     5.29G 0.0009464 0.0006666    0.0113   0.01292        12       640    0.2811    0.7557     0.317    0.3035  0.003129  0.001842   0.01554
    95/999     5.29G 0.0009217  0.000659   0.01136   0.01294        12       640    0.2842    0.7549     0.316    0.3022  0.003125  0.001838   0.01558
    96/999     5.29G 0.0009153 0.0006549   0.01112   0.01269        12       640    0.2648    0.8317    0.3179    0.3034  0.002952  0.001819   0.01557
    97/999     5.29G 0.0009155 0.0006619   0.01126   0.01284        12       640    0.2785     0.757    0.3174    0.3033  0.003006  0.001807   0.01562
    98/999     5.29G 0.0009159 0.0006546   0.01124   0.01281        12       640    0.2875    0.7283    0.3176    0.3033  0.003009  0.001825   0.01567
    99/999     5.29G 0.0009187 0.0006546   0.01115   0.01272        12       640    0.2675    0.8251    0.3221     0.308   0.00303   0.00184   0.01554
   100/999     5.29G 0.0009258 0.0006583   0.01113   0.01272        12       640    0.2764     0.778    0.3199    0.3055  0.003091  0.001816   0.01561
   101/999     5.29G  0.000909 0.0006544   0.01102   0.01259        12       640    0.2837    0.7409    0.3209    0.3076  0.003092  0.001811   0.01572
   102/999     5.29G 0.0009283 0.0006695     0.011    0.0126        12       640    0.2809    0.7513     0.324    0.3093  0.003204  0.001807   0.01573
   103/999     5.29G 0.0009245 0.0006476   0.01089   0.01247        12       640    0.2899    0.7032    0.3225    0.3077  0.003326  0.001798   0.01583
   104/999     5.29G  0.000918 0.0006671    0.0108   0.01238        12       640    0.2821    0.7534     0.325    0.3097  0.003287   0.00181   0.01571
   105/999     5.29G 0.0009377 0.0006507   0.01086   0.01245        12       640    0.2679    0.8162    0.3187    0.3041  0.003323  0.001828   0.01584
   106/999     5.29G 0.0009269 0.0006527   0.01074   0.01232        12       640    0.2752    0.7675    0.3203    0.3062  0.003341  0.001801   0.01582
   107/999     5.29G 0.0009482  0.000676   0.01061   0.01223        12       640    0.2797    0.7209    0.3191    0.3037  0.003345  0.001825   0.01616
   108/999     5.29G 0.0009123 0.0006673   0.01061   0.01219        12       640    0.2704    0.7696    0.3186    0.3035  0.003316  0.001815   0.01608
   109/999     5.29G 0.0009239 0.0006681   0.01057   0.01216        12       640    0.2596    0.8183    0.3167    0.3021  0.003299  0.001787   0.01631
   110/999     5.29G 0.0009256 0.0006698    0.0104     0.012        12       640    0.2693    0.7565    0.3179    0.3032  0.003263  0.001788   0.01637
   111/999     5.29G 0.0009525  0.000662   0.01044   0.01205        12       640    0.2695    0.7644    0.3225    0.3074  0.003329  0.001804   0.01631
   112/999     5.29G 0.0009533 0.0006713    0.0104   0.01203        12       640    0.2878    0.6982    0.3242    0.3092  0.003272  0.001782   0.01621
   113/999     5.29G 0.0009238 0.0006636    0.0105   0.01208        12       640    0.2815    0.7147    0.3267     0.312  0.003286  0.001782   0.01631
   114/999     5.29G 0.0009411 0.0006676   0.01031   0.01192        12       640    0.2794    0.7406    0.3262    0.3114  0.003297  0.001787   0.01627
   115/999     5.29G 0.0009354 0.0006613   0.01021   0.01181        12       640    0.2908    0.6853    0.3239    0.3088  0.003274  0.001796   0.01637
   116/999     5.29G 0.0009478 0.0006671   0.01007   0.01168        12       640    0.2845    0.7131    0.3265     0.311  0.003289  0.001826   0.01645
   117/999     5.29G 0.0009426 0.0006574   0.01001   0.01161        12       640    0.2761    0.7541    0.3255      0.31  0.003289  0.001812   0.01654
   118/999     5.29G 0.0009431 0.0006609   0.01008   0.01168        12       640    0.2708    0.7621    0.3281    0.3119  0.003304  0.001831   0.01653
   119/999     5.29G  0.000945 0.0006576      0.01    0.0116        12       640    0.2674    0.7921    0.3297    0.3132  0.003304  0.001846   0.01663
   120/999     5.29G 0.0009682 0.0006697  0.009876   0.01151        12       640    0.2695    0.7764    0.3306    0.3138  0.003298  0.001861   0.01665
   121/999     5.29G 0.0009447   0.00067  0.009828   0.01144        12       640    0.2739     0.745    0.3295    0.3126  0.003321  0.001842   0.01679
   122/999     5.29G 0.0009501 0.0006683  0.009712   0.01133        12       640    0.2686    0.7762    0.3285    0.3113  0.003339  0.001828   0.01688
   123/999     5.29G 0.0009477 0.0006879  0.009681   0.01132        12       640    0.2701     0.777    0.3281    0.3101  0.003342  0.001856   0.01699
   124/999     5.29G 0.0009536 0.0006701  0.009667   0.01129        12       640    0.2735    0.7654    0.3265    0.3089  0.003295  0.001871   0.01701
   125/999     5.29G 0.0009588  0.000659  0.009639   0.01126        12       640    0.2727    0.7533    0.3251    0.3077  0.003286  0.001864    0.0171
   126/999     5.29G 0.0009486 0.0006665  0.009665   0.01128        12       640    0.2863    0.6894    0.3222    0.3048  0.003292  0.001865   0.01722
