     0/299    0.371G   0.04628   0.04447   0.05844    0.1492        18       640    0.2001    0.9873    0.2234    0.1572   0.01537   0.03255   0.05548
     1/299     2.25G     0.026   0.02904   0.05548    0.1105        20       640    0.2034    0.9492    0.2241    0.2055    0.0127   0.02065   0.05526
     2/299     2.49G   0.02077   0.02167    0.0553   0.09774        20       640    0.2003    0.9963    0.2246    0.2011   0.01138   0.01505    0.0552
     3/299     2.49G   0.01248   0.01773   0.05524   0.08545        15       640      0.21    0.9301    0.2321     0.213  0.008204   0.01439   0.05521
     4/299      2.5G  0.009742   0.01509   0.05521   0.08004        13       640    0.2005    0.9974    0.2355    0.2251  0.006429   0.01381   0.05515
     5/299      2.5G  0.008593   0.01343   0.05503   0.07706        16       640    0.2459    0.8381    0.2945    0.2664  0.006965   0.01403   0.05453
     6/299      2.5G  0.007711   0.01274   0.05416   0.07461        15       640    0.2537    0.7482    0.3304    0.3128  0.005958   0.01401   0.05293
     7/299      2.5G  0.007617    0.0125   0.05261   0.07273        15       640     0.294    0.8188    0.3497    0.3311   0.00622   0.01421   0.05107
     8/299      2.5G  0.006932   0.01239   0.05165   0.07097        18       640    0.3203    0.7906    0.3618    0.3488  0.005172   0.01349   0.04964
     9/299      2.5G  0.006587   0.01228   0.05073   0.06959        17       640    0.3106    0.8321    0.3688     0.347  0.005517   0.01352   0.04941
    10/299      2.5G  0.006372   0.01205   0.05005   0.06847        18       640    0.3267    0.7978    0.3879    0.3779  0.005001   0.01403   0.04855
    11/299      2.5G  0.006165   0.01182   0.04965   0.06763        12       640    0.3214    0.8476    0.3869    0.3771  0.005251   0.01474   0.04812
    12/299      2.5G  0.006187   0.01189   0.04906   0.06714        15       640     0.338    0.7832    0.3952    0.3797  0.005139   0.01419   0.04817
    13/299      2.5G  0.005676   0.01184   0.04897   0.06648        15       640    0.3429     0.811    0.4007    0.3919   0.00502   0.01381   0.04691
    14/299      2.5G  0.005619   0.01134   0.04903   0.06599        19       640    0.3576    0.7976    0.4102    0.4042  0.004925   0.01373   0.04663
    15/299      2.5G  0.005541   0.01109   0.04864   0.06527        14       640    0.3348    0.8454    0.4089    0.4025  0.004483   0.01405   0.04693
    16/299      2.5G  0.005495   0.01123   0.04847   0.06519        19       640    0.3499    0.7963    0.4217    0.4131  0.004891   0.01383   0.04627
    17/299      2.5G   0.00539   0.01103   0.04841   0.06484        15       640    0.3571    0.7953    0.4229    0.4154  0.004376   0.01328   0.04571
    18/299      2.5G  0.005185   0.01096   0.04814   0.06429        19       640    0.3477     0.834    0.4123     0.402  0.004979   0.01329   0.04615
    19/299      2.5G  0.005258   0.01089   0.04771   0.06386        14       640    0.3599     0.812    0.4195    0.4124  0.004507   0.01278    0.0457
    20/299      2.5G  0.005167   0.01065   0.04748    0.0633        18       640     0.361    0.7958     0.421    0.4158  0.004505   0.01309   0.04575
    21/299      2.5G   0.00482    0.0105   0.04752   0.06283        22       640    0.3618    0.7906     0.429    0.4238  0.004904   0.01338   0.04525
    22/299      2.5G  0.004888   0.01049   0.04733   0.06271        16       640    0.3748    0.7456    0.4346    0.4269  0.004642   0.01393   0.04608
    23/299      2.5G  0.004949   0.01058   0.04733   0.06286        15       640    0.3623    0.8254    0.4505     0.445  0.004261   0.01387   0.04501
    24/299      2.5G  0.004614   0.01046   0.04741   0.06248        14       640    0.3756    0.7937    0.4503    0.4424  0.004913   0.01382   0.04492
    25/299      2.5G  0.004718   0.01057   0.04707   0.06235        13       640    0.3822    0.7677    0.4621    0.4566  0.004746   0.01461    0.0447
    26/299      2.5G  0.004637   0.01053   0.04652   0.06168        16       640    0.3904    0.7703    0.4628    0.4567  0.004554   0.01392   0.04456
    27/299      2.5G  0.004487   0.01002   0.04663   0.06114        14       640    0.3849    0.7979    0.4753     0.469   0.00486   0.01528   0.04433
    28/299      2.5G  0.004702   0.01015   0.04651   0.06137        18       640    0.3803    0.7811    0.4748    0.4691  0.004469   0.01403   0.04411
    29/299      2.5G  0.004814   0.01008     0.046    0.0609        13       640     0.367    0.7787     0.461    0.4542  0.004316   0.01404    0.0452
    30/299      2.5G   0.00468  0.009918   0.04613   0.06073        15       640    0.4024    0.7578    0.4882    0.4818  0.003949   0.01374   0.04393
    31/299      2.5G  0.004495   0.00991   0.04589   0.06029        13       640    0.4056     0.756    0.4814    0.4728  0.004194   0.01387   0.04404
    32/299      2.5G   0.00459  0.009971   0.04621   0.06077        19       640    0.3822    0.8095    0.4892    0.4805  0.004219   0.01522   0.04371
    33/299      2.5G  0.004473  0.009554   0.04564   0.05967        16       640    0.3779    0.7745    0.4714    0.4639  0.003984    0.0149   0.04537
    34/299      2.5G   0.00445  0.009844    0.0455   0.05979        15       640    0.3857    0.8198     0.488    0.4821   0.00394   0.01538   0.04365
    35/299      2.5G  0.004445  0.009493   0.04493   0.05887        21       640    0.4066    0.7433    0.4898     0.483  0.004203   0.01508   0.04363
    36/299      2.5G   0.00424  0.009622   0.04541   0.05927        15       640    0.4176    0.7681     0.505     0.498  0.004288   0.01576   0.04297
    37/299      2.5G  0.004265  0.009527   0.04517   0.05896        16       640    0.4188    0.7571    0.5191    0.5125  0.003939    0.0152   0.04297
    38/299      2.5G   0.00434   0.00963   0.04546   0.05943        23       640     0.409    0.7727    0.4965    0.4907  0.003888   0.01477   0.04362
    39/299      2.5G  0.004204  0.009521   0.04488   0.05861        13       640    0.4301    0.7665    0.5191     0.512  0.003834    0.0148   0.04223
    40/299      2.5G  0.004319   0.00946   0.04464   0.05842        18       640    0.4269    0.7444    0.5055    0.4991  0.003905   0.01413   0.04317
    41/299      2.5G  0.004205  0.009593   0.04484   0.05864        14       640    0.4175    0.7579    0.5051    0.4981  0.003975   0.01461   0.04247
    42/299      2.5G  0.004141   0.00954   0.04461   0.05829        20       640    0.4212    0.7627    0.5202    0.5137  0.003917    0.0147   0.04235
    43/299      2.5G  0.004316  0.009348   0.04449   0.05815        17       640    0.4149    0.7895    0.5136     0.506  0.003782   0.01452    0.0426
    44/299      2.5G  0.004039  0.009372   0.04498   0.05839        16       640    0.4179    0.7809    0.5228     0.515  0.003817   0.01545   0.04254
    45/299      2.5G  0.004058  0.009423   0.04435   0.05783        18       640    0.4385    0.7637    0.5297    0.5222  0.003687   0.01254   0.04159
    46/299      2.5G  0.003902  0.009226    0.0441   0.05723        14       640    0.4159     0.822    0.5232    0.5156  0.003693   0.01442   0.04174
    47/299      2.5G  0.003999  0.009199   0.04433   0.05753        15       640    0.4387    0.7619    0.5303    0.5197  0.003764   0.01466     0.042
    48/299      2.5G  0.004113  0.009197   0.04433   0.05764        17       640    0.4254    0.7854    0.5258    0.5192  0.003899   0.01486   0.04216
    49/299      2.5G  0.003968  0.009078   0.04392   0.05696        14       640    0.4425    0.7707    0.5238    0.5159  0.003713   0.01447   0.04165
    50/299      2.5G  0.004037  0.009116   0.04383   0.05698        15       640    0.4161    0.7881    0.5296    0.5233  0.003885   0.01444   0.04189
    51/299      2.5G  0.003919  0.009049   0.04401   0.05697        13       640    0.4541    0.7529    0.5383    0.5322  0.003614   0.01431   0.04179
    52/299      2.5G  0.003896  0.009158   0.04344    0.0565        18       640    0.4517      0.75    0.5353    0.5265  0.003709   0.01459   0.04103
    53/299      2.5G  0.003918  0.009074   0.04333   0.05632        13       640    0.4442    0.7791    0.5354    0.5285  0.003333     0.014   0.04173
    54/299      2.5G  0.003895  0.009174   0.04361   0.05667        20       640    0.4236    0.7855    0.5258    0.5197  0.003348   0.01492   0.04193
    55/299      2.5G  0.003781  0.008966   0.04384   0.05659        15       640    0.4522    0.7618    0.5383     0.532  0.003471   0.01288   0.04125
    56/299      2.5G  0.003829  0.009133   0.04397   0.05693        17       640      0.42    0.8022    0.5303    0.5229  0.003742    0.0168   0.04147
    57/299      2.5G  0.003928  0.009027   0.04357   0.05653        22       640    0.4257    0.8042    0.5311     0.525  0.003447   0.01463   0.04163
    58/299      2.5G  0.003696  0.008863   0.04303   0.05558        21       640    0.4501    0.7502     0.534    0.5275  0.003394     0.014    0.0414
    59/299      2.5G  0.003573  0.008938   0.04339    0.0559        20       640     0.458    0.7426    0.5455    0.5397  0.003592   0.01486   0.04129
    60/299      2.5G  0.003817   0.00899   0.04291   0.05572        13       640    0.4512    0.7744    0.5467    0.5406  0.003315   0.01509   0.04121
    61/299      2.5G  0.003631  0.008798   0.04308   0.05551        21       640    0.4483      0.78    0.5406    0.5337  0.003321   0.01354   0.04066
    62/299      2.5G  0.003777  0.008916   0.04336   0.05605        19       640    0.4513    0.7906    0.5516    0.5455  0.003284   0.01373   0.04077
    63/299      2.5G  0.003719  0.008967   0.04295   0.05563        17       640    0.4604    0.7501    0.5439    0.5374  0.003185   0.01354   0.04088
    64/299      2.5G  0.003693  0.008852   0.04315    0.0557        16       640    0.4594    0.7541    0.5461      0.54  0.003196   0.01424    0.0407
    65/299      2.5G   0.00362  0.008799   0.04256   0.05498        19       640    0.4734     0.741    0.5513    0.5435  0.003336    0.0153   0.04061
    66/299      2.5G  0.003551  0.008641   0.04274   0.05494        23       640    0.4846    0.7268    0.5505    0.5438  0.003392   0.01404   0.04123
    67/299      2.5G  0.003552  0.008532   0.04262    0.0547        18       640     0.468    0.7367    0.5532    0.5467  0.003251   0.01467   0.04043
    68/299      2.5G  0.003646  0.008728   0.04245   0.05482        12       640    0.4639     0.776    0.5544    0.5489  0.003305   0.01372   0.04014
    69/299      2.5G    0.0036   0.00888   0.04252     0.055        23       640    0.4291    0.8251    0.5597    0.5536  0.003416   0.01527   0.04065
    70/299      2.5G  0.003581  0.008687    0.0428   0.05507        15       640    0.4625    0.7733    0.5512    0.5451  0.003305    0.0147    0.0401
    71/299      2.5G  0.003472  0.008562   0.04283   0.05487        12       640     0.475     0.699    0.5385    0.5319   0.00324   0.01439   0.04062
    72/299      2.5G  0.003677  0.008865   0.04234   0.05488        16       640    0.4797    0.7295    0.5542    0.5474   0.00323   0.01443   0.04011
    73/299      2.5G  0.003579  0.008735   0.04248    0.0548        19       640      0.48    0.7373    0.5577    0.5518  0.003351   0.01387   0.04015
    74/299      2.5G  0.003499  0.008735   0.04236    0.0546        20       640    0.4814    0.7335    0.5555    0.5497  0.003352    0.0142   0.04002
    75/299      2.5G    0.0035    0.0086   0.04212   0.05422        15       640    0.4649    0.7666    0.5545    0.5482  0.003282   0.01518   0.04035
    76/299      2.5G  0.003477  0.008561   0.04262   0.05466        14       640    0.4764    0.7477    0.5636    0.5576  0.003336   0.01456    0.0398
    77/299      2.5G  0.003387  0.008617   0.04257   0.05457        19       640    0.4638    0.7795    0.5622    0.5551   0.00324   0.01525    0.0401
    78/299      2.5G  0.003528  0.008791   0.04234   0.05466        20       640    0.4509    0.7976    0.5633    0.5562  0.003087   0.01392   0.03988
    79/299      2.5G  0.003377   0.00852   0.04227   0.05416        14       640    0.4805    0.7523    0.5587    0.5519  0.003089   0.01438   0.03974
    80/299      2.5G  0.003369  0.008471   0.04252   0.05436        19       640     0.475    0.7727    0.5619    0.5557  0.003214   0.01386   0.03964
    81/299      2.5G  0.003421  0.008668    0.0418   0.05389        19       640    0.4469    0.8219    0.5702    0.5643  0.003269   0.01368   0.03974
    82/299      2.5G  0.003436  0.008456   0.04221    0.0541        21       640    0.4687    0.7701     0.565    0.5588  0.003053   0.01386   0.03987
    83/299      2.5G  0.003387  0.008612   0.04189   0.05388        18       640    0.4606    0.7787    0.5592    0.5534  0.003046   0.01417   0.03992
    84/299      2.5G  0.003524  0.008404   0.04185   0.05378        13       640    0.4792    0.7496    0.5755    0.5687  0.003171   0.01361   0.03963
    85/299      2.5G  0.003483  0.008467   0.04189   0.05384        15       640    0.4863    0.7432    0.5737    0.5667  0.003196    0.0137   0.03941
    86/299      2.5G  0.003298  0.008442   0.04176    0.0535        19       640    0.4643    0.7932    0.5646    0.5583  0.003181   0.01375   0.03944
    87/299      2.5G  0.003488  0.008375   0.04154    0.0534        15       640    0.4761    0.7784    0.5739    0.5682  0.003066    0.0136   0.03944
    88/299      2.5G    0.0034   0.00842   0.04173   0.05355        18       640    0.4562    0.7958    0.5689    0.5629  0.002936   0.01385   0.03924
    89/299      2.5G  0.003295  0.008356   0.04177   0.05342        13       640    0.4885    0.7475    0.5706    0.5642  0.003099   0.01441    0.0395
    90/299      2.5G   0.00336  0.008371   0.04164   0.05337        16       640    0.4887    0.7354    0.5722    0.5663  0.002977   0.01392   0.03929
    91/299      2.5G  0.003337  0.008325    0.0417   0.05337        12       640    0.4397    0.8298    0.5652    0.5599  0.003035   0.01394    0.0395
    92/299      2.5G  0.003327  0.008389   0.04164   0.05336        15       640    0.4645     0.808    0.5725    0.5664   0.00291   0.01421   0.03927
    93/299      2.5G  0.003276  0.008221   0.04188   0.05338        12       640     0.471    0.7687    0.5635    0.5567  0.002918   0.01395   0.03956
    94/299      2.5G  0.003302  0.008415   0.04174   0.05345        17       640    0.4746    0.7726    0.5716    0.5651  0.002985    0.0139   0.03931
    95/299      2.5G  0.003362  0.008274   0.04117   0.05281        17       640    0.4725    0.7885    0.5742    0.5678  0.002949    0.0135   0.03927
    96/299      2.5G  0.003175  0.008342   0.04152   0.05303        17       640    0.4762    0.7812    0.5763    0.5699  0.003051     0.014   0.03936
    97/299      2.5G  0.003133  0.008383   0.04171   0.05323        18       640    0.4616    0.8032    0.5729    0.5666  0.002929   0.01359   0.03927
    98/299      2.5G  0.003196  0.008249   0.04094   0.05238        20       640     0.472    0.8042    0.5766      0.57  0.002966   0.01381   0.03893
    99/299      2.5G  0.003269  0.008462   0.04132   0.05305        16       640    0.4738    0.7932    0.5795    0.5727  0.002938   0.01331   0.03872
   100/299      2.5G  0.003189  0.008238    0.0412   0.05263        21       640    0.4848    0.7812    0.5759    0.5691  0.002943   0.01373   0.03869
   101/299      2.5G  0.003293  0.008203   0.04162   0.05312        15       640    0.4699     0.802     0.573    0.5667  0.002926   0.01396     0.039
   102/299      2.5G  0.003303  0.008351   0.04094    0.0526        14       640    0.4558      0.83    0.5777    0.5713  0.002975   0.01444   0.03912
   103/299      2.5G  0.003158  0.008198   0.04134   0.05269        16       640    0.4867    0.7688    0.5769    0.5702  0.002942   0.01395   0.03905
   104/299      2.5G  0.003173  0.008305   0.04157   0.05304        19       640    0.4898    0.7496    0.5767    0.5702  0.002968   0.01363   0.03881
   105/299      2.5G  0.003107   0.00819   0.04085   0.05215        15       640      0.47    0.7882    0.5779    0.5719  0.002894   0.01328   0.03893
   106/299      2.5G   0.00311  0.008118   0.04069   0.05192        17       640    0.4615    0.8009    0.5776    0.5713  0.002944    0.0136   0.03914
   107/299      2.5G  0.003193  0.008159   0.04111   0.05247        14       640    0.4612    0.8165      0.58    0.5732   0.00293    0.0135   0.03896
   108/299      2.5G  0.003157   0.00814   0.04105   0.05235        20       640    0.4957    0.7532    0.5865    0.5801  0.002889   0.01389   0.03874
   109/299      2.5G  0.003149  0.008248   0.04074   0.05214        16       640    0.5023    0.7466     0.583    0.5767  0.002925   0.01341   0.03865
   110/299      2.5G  0.003146  0.008183   0.04049   0.05182        15       640    0.4919    0.7624    0.5831    0.5769  0.002895   0.01354   0.03866
   111/299      2.5G   0.00307  0.008178   0.04095    0.0522        14       640    0.5049    0.7406    0.5838    0.5779  0.002859   0.01359   0.03884
   112/299      2.5G    0.0031  0.008022   0.04092   0.05205        22       640    0.4934    0.7606    0.5855    0.5797  0.002901   0.01385   0.03877
   113/299      2.5G  0.002982  0.008055   0.04077    0.0518        18       640    0.4883     0.767     0.584    0.5783  0.002849   0.01359   0.03879
   114/299      2.5G  0.003078  0.008177    0.0407   0.05195        15       640    0.4866    0.7728    0.5827    0.5765  0.002798   0.01338   0.03879
   115/299      2.5G  0.003045  0.008102   0.04043   0.05158        13       640    0.5018    0.7509    0.5845     0.578  0.002845   0.01338   0.03875
   116/299      2.5G  0.003038    0.0083    0.0409   0.05224        16       640    0.5083    0.7387    0.5846    0.5784   0.00284   0.01362   0.03874
   117/299      2.5G  0.003095  0.007996   0.04068   0.05177        16       640    0.5038    0.7526    0.5883    0.5822  0.002849    0.0138   0.03869
   118/299      2.5G  0.002946  0.008122   0.04063   0.05169        21       640    0.4942    0.7619    0.5886    0.5823  0.002844   0.01392    0.0386
   119/299      2.5G  0.003011  0.008023   0.04051   0.05155        15       640    0.4858    0.7714    0.5883    0.5818  0.002812   0.01377    0.0386
   120/299      2.5G   0.00309  0.008047   0.04047    0.0516        12       640    0.4708    0.8031    0.5865    0.5799  0.002788    0.0138   0.03871
   121/299      2.5G     0.003  0.007918   0.04032   0.05124        18       640     0.488    0.7687    0.5861    0.5798  0.002785   0.01384   0.03879
   122/299      2.5G  0.002977  0.008134   0.04057   0.05168        18       640    0.4777    0.7936    0.5863    0.5801   0.00279   0.01372   0.03871
   123/299      2.5G  0.002985  0.007911   0.04059   0.05149        14       640    0.4876    0.7787    0.5854    0.5788  0.002816   0.01389   0.03874
   124/299      2.5G  0.002976  0.007929   0.04026   0.05117        14       640    0.4903    0.7811    0.5892    0.5831  0.002811   0.01382    0.0387
   125/299      2.5G   0.00297  0.007977   0.04063   0.05158        15       640    0.4867    0.7816    0.5911    0.5852  0.002796   0.01378   0.03855
   126/299      2.5G  0.002963  0.007926    0.0402   0.05109        17       640    0.5009    0.7548    0.5925    0.5865   0.00276   0.01347   0.03853
   127/299      2.5G  0.003032  0.008031   0.03988   0.05094        20       640     0.501    0.7602    0.5961    0.5904  0.002777   0.01379   0.03839
   128/299      2.5G  0.002961  0.007887   0.04032   0.05116        18       640    0.4936    0.7772    0.5965    0.5905  0.002753   0.01379   0.03841
   129/299      2.5G  0.002893  0.008022   0.04032   0.05123        21       640    0.4795    0.8104    0.5979     0.592  0.002769   0.01384   0.03835
   130/299      2.5G  0.002989  0.007929   0.03965   0.05056        12       640    0.4889    0.7907     0.598    0.5923  0.002774   0.01382   0.03826
   131/299      2.5G  0.002922  0.008034   0.04031   0.05126        19       640    0.4916     0.784    0.5971    0.5915  0.002778   0.01369   0.03831
   132/299      2.5G  0.002932  0.007859   0.03999   0.05078        12       640     0.493    0.7897    0.5954    0.5898  0.002752   0.01378   0.03823
   133/299      2.5G  0.002838  0.007828   0.04032   0.05099        26       640    0.4882    0.7958    0.5943    0.5886  0.002741   0.01379   0.03829
   134/299      2.5G    0.0029  0.007925   0.03993   0.05076        16       640    0.4813    0.8128    0.5945    0.5886  0.002728   0.01367   0.03828
   135/299      2.5G  0.002869  0.007894   0.03978   0.05055        15       640    0.4813    0.8189    0.5946    0.5885  0.002737   0.01367   0.03824
   136/299      2.5G  0.002812  0.007951   0.03947   0.05023        12       640    0.4828    0.8183    0.5949    0.5885  0.002729   0.01366   0.03824
   137/299      2.5G  0.002897  0.007837   0.03981   0.05054        20       640    0.4888     0.811    0.5971    0.5908  0.002731   0.01363   0.03819
   138/299      2.5G  0.002896  0.007973   0.03986   0.05073        15       640    0.4909    0.8126    0.5971    0.5904  0.002717   0.01377   0.03819
   139/299      2.5G   0.00282  0.007739   0.03989   0.05045        23       640     0.491    0.8083    0.5967    0.5904  0.002722   0.01374   0.03821
   140/299      2.5G  0.002786  0.007814    0.0401    0.0507        18       640    0.4874    0.8176    0.5955    0.5888  0.002725   0.01374   0.03826
   141/299      2.5G  0.002774  0.007646   0.03927   0.04969        23       640    0.4937    0.7995    0.5953    0.5891  0.002716   0.01374   0.03826
   142/299      2.5G  0.002831   0.00783    0.0399   0.05056        16       640    0.4943       0.8    0.5967    0.5904  0.002717   0.01377   0.03823
   143/299      2.5G  0.002858   0.00793   0.03904   0.04983        16       640    0.4907    0.8145     0.597    0.5908  0.002721   0.01381   0.03821
   144/299      2.5G  0.002782   0.00785   0.03915   0.04978        14       640    0.4941    0.8027    0.5968    0.5905  0.002717   0.01382   0.03819
   145/299      2.5G  0.002797  0.007792    0.0396   0.05019        16       640    0.4959    0.7919    0.5971    0.5908  0.002694   0.01367   0.03817
   146/299      2.5G  0.002818  0.007907   0.03979   0.05052        12       640    0.4984    0.7863    0.5972     0.591  0.002692   0.01359   0.03813
   147/299      2.5G  0.002776  0.007761   0.03929   0.04983        15       640    0.4979    0.7821    0.5956    0.5894  0.002689   0.01347   0.03818
   148/299      2.5G  0.002731  0.007845    0.0396   0.05018        12       640    0.4782    0.8221     0.594    0.5878  0.002695   0.01342   0.03816
   149/299      2.5G  0.002697  0.007651   0.03933   0.04967        19       640    0.4799    0.8193    0.5957    0.5896  0.002696   0.01331    0.0381
   150/299      2.5G  0.002774  0.007772   0.03899   0.04954        16       640    0.4821    0.8163    0.5959    0.5896  0.002699   0.01322   0.03813
