      0/99    0.254G   0.02027   0.00858   0.01976   0.04861         6       640    0.3925    0.6263    0.2036    0.1907  0.003471  0.003293  0.009294
      1/99     4.83G   0.01107  0.003862   0.01835   0.03329         3       640    0.1997    0.9749    0.2076    0.2033  0.002294  0.002797  0.009263
      2/99      5.3G  0.008737  0.003032   0.01862   0.03039         4       640    0.2002     0.868    0.2063    0.2024  0.001849  0.002441   0.00925
      3/99      5.3G  0.006339  0.002422    0.0186   0.02736         3       640       0.2    0.9141    0.2049    0.2018  0.001276  0.002148  0.009239
      4/99      5.3G  0.005479  0.002104   0.01846   0.02605         6       640    0.1994    0.9793    0.2059     0.203  0.001115  0.002444  0.009235
      5/99      5.3G  0.004858  0.001921    0.0186   0.02537         3       640    0.1998    0.8403    0.2105    0.2078  0.001092  0.002548  0.009231
      6/99      5.3G  0.004584  0.001784   0.01827   0.02464         4       640    0.1995    0.8828    0.2163    0.2137  0.001033  0.002709  0.009208
      7/99      5.3G  0.004142  0.001698   0.01838   0.02422         3       640     0.203    0.6641    0.2263    0.2235  0.000984  0.002755  0.009128
      8/99      5.3G  0.004034  0.001633   0.01819   0.02385         5       640    0.4183    0.6434    0.2516    0.2484 0.0009825   0.00287  0.008938
      9/99      5.3G  0.004004  0.001613   0.01819   0.02381         6       640    0.2528    0.7112    0.2907    0.2864 0.0009612  0.002782  0.008617
     10/99      5.3G  0.003915  0.001589   0.01785   0.02335         3       640     0.487    0.4713    0.3178    0.3128 0.0009534  0.002902  0.008284
     11/99      5.3G  0.003891  0.001574    0.0174   0.02287         5       640    0.5077    0.4554    0.3331    0.3289  0.000947  0.003037  0.008021
     12/99      5.3G  0.003903  0.001559   0.01703   0.02249         5       640    0.5099    0.4985    0.3441    0.3398 0.0009164  0.003076  0.007841
     13/99      5.3G  0.003733  0.001508   0.01689   0.02213         3       640    0.5374    0.4575    0.3553    0.3512 0.0008976  0.003166  0.007684
     14/99      5.3G   0.00373  0.001468   0.01668   0.02188         3       640    0.5237    0.5156    0.3596    0.3558 0.0008895  0.003182  0.007577
     15/99      5.3G  0.003491  0.001455    0.0168   0.02174         4       640     0.538    0.4882    0.3679    0.3642 0.0008796  0.003217  0.007482
     16/99      5.3G  0.003636  0.001434   0.01639   0.02146         3       640    0.5244    0.5534    0.3725    0.3689  0.000877  0.003243  0.007395
     17/99      5.3G  0.003509  0.001407   0.01653   0.02144         6       640    0.5359    0.5211    0.3773    0.3737 0.0008769  0.003279  0.007334
     18/99      5.3G  0.003451  0.001374   0.01639   0.02121         3       640    0.5394    0.5154    0.3807    0.3772 0.0008812  0.003297  0.007299
     19/99      5.3G  0.003433  0.001358   0.01643   0.02122         3       640      0.54    0.5225    0.3825     0.379 0.0008741  0.003313  0.007258
     20/99      5.3G  0.003273  0.001333   0.01616   0.02077         3       640    0.5417    0.5238     0.385    0.3815 0.0008665  0.003324  0.007227
     21/99      5.3G  0.003284  0.001323   0.01605   0.02066         3       640    0.5423    0.5253    0.3875    0.3841 0.0008646  0.003337  0.007192
     22/99      5.3G  0.003241  0.001299   0.01601   0.02055         3       640    0.5417    0.5272    0.3897    0.3863 0.0008594  0.003346  0.007169
     23/99      5.3G  0.003186  0.001289   0.01585   0.02032         3       640    0.5401    0.5303    0.3912    0.3878 0.0008546  0.003358  0.007148
     24/99      5.3G   0.00314   0.00128   0.01614   0.02056         3       640    0.5408     0.531     0.394    0.3906 0.0008549  0.003359  0.007124
     25/99      5.3G  0.003245  0.001274   0.01602   0.02054         3       640    0.5431    0.5273    0.3966    0.3933 0.0008546  0.003367  0.007098
     26/99      5.3G  0.003127  0.001254   0.01579   0.02017         3       640    0.5411    0.5339    0.3987    0.3954 0.0008527  0.003372  0.007077
     27/99      5.3G  0.003076  0.001255   0.01583   0.02016         6       640    0.5479    0.5246    0.4001    0.3968 0.0008487   0.00338  0.007057
     28/99      5.3G  0.003034  0.001231   0.01577   0.02003         3       640    0.5443    0.5354    0.4017    0.3984 0.0008502  0.003394  0.007037
     29/99      5.3G  0.003044  0.001221   0.01575   0.02002         3       640     0.546    0.5354    0.4036    0.4003 0.0008468  0.003403  0.007014
     30/99      5.3G   0.00308  0.001236   0.01583   0.02015         9       640     0.547    0.5356    0.4056    0.4023 0.0008447   0.00341  0.006992
     31/99      5.3G  0.003049  0.001228   0.01559   0.01986         3       640    0.5493    0.5328    0.4081    0.4048 0.0008428  0.003425  0.006971
     32/99      5.3G  0.002939  0.001217   0.01572   0.01987         4       640    0.5471    0.5435    0.4112    0.4078 0.0008365  0.003434  0.006948
     33/99      5.3G  0.002905  0.001207   0.01572   0.01983         3       640    0.5487    0.5457    0.4131    0.4098 0.0008321  0.003439  0.006924
     34/99      5.3G  0.002827  0.001197   0.01553   0.01955         3       640    0.5474    0.5571    0.4159    0.4125 0.0008284  0.003451    0.0069
     35/99      5.3G  0.002925  0.001187   0.01541   0.01953         3       640    0.5506    0.5566     0.419    0.4156 0.0008244  0.003453  0.006874
     36/99      5.3G  0.002832  0.001173   0.01548   0.01949         3       640    0.5525    0.5548    0.4222    0.4188 0.0008234  0.003447   0.00685
     37/99      5.3G  0.002729  0.001173   0.01548   0.01938         4       640    0.5522    0.5611    0.4258    0.4224 0.0008226  0.003456  0.006826
     38/99      5.3G  0.002742  0.001181    0.0153   0.01922         3       640    0.5532    0.5613    0.4292    0.4257 0.0008229  0.003456  0.006802
     39/99      5.3G  0.002703  0.001152   0.01552   0.01938         6       640    0.5537    0.5677    0.4323    0.4289 0.0008211  0.003464  0.006777
     40/99      5.3G  0.002785  0.001163   0.01521   0.01916         5       640    0.5627    0.5474    0.4357    0.4321 0.0008207  0.003463  0.006751
     41/99      5.3G   0.00269   0.00114   0.01538   0.01921         3       640    0.5585    0.5681    0.4388    0.4352  0.000817  0.003456  0.006727
     42/99      5.3G  0.002664  0.001125   0.01529   0.01908         3       640    0.5586    0.5781    0.4425    0.4389 0.0008132  0.003456  0.006702
     43/99      5.3G  0.002619  0.001125   0.01515   0.01889         3       640    0.5619    0.5772    0.4462    0.4426 0.0008086  0.003459  0.006674
     44/99      5.3G  0.002665  0.001138   0.01534   0.01915         4       640    0.5651    0.5775    0.4507    0.4469 0.0008071  0.003459  0.006646
     45/99      5.3G  0.002557  0.001121   0.01498   0.01866         4       640    0.5721    0.5696    0.4532    0.4494 0.0008056  0.003464  0.006619
     46/99      5.3G   0.00263  0.001105   0.01518   0.01892         5       640    0.5834    0.5578    0.4565    0.4526 0.0008024  0.003466  0.006592
     47/99      5.3G  0.002521  0.001109   0.01512   0.01875         4       640    0.5974    0.5486      0.46    0.4561 0.0007999  0.003462  0.006566
     48/99      5.3G  0.002457  0.001083   0.01501   0.01855         3       640    0.6022    0.5488    0.4639    0.4598  0.000799  0.003464   0.00654
     49/99      5.3G  0.002501  0.001101   0.01521   0.01881         3       640    0.6067    0.5469    0.4678    0.4638 0.0008003  0.003475  0.006512
     50/99      5.3G  0.002443  0.001074   0.01516   0.01868         4       640    0.5999     0.562    0.4712    0.4671 0.0007992  0.003481   0.00649
     51/99      5.3G  0.002329  0.001076   0.01501   0.01841         5       640    0.5996    0.5711    0.4745    0.4702 0.0007978  0.003487  0.006465
     52/99      5.3G  0.002373  0.001056   0.01484   0.01827         3       640     0.609    0.5637    0.4777    0.4734 0.0007943  0.003488   0.00644
     53/99      5.3G  0.002507  0.001088   0.01514   0.01873         3       640    0.6095    0.5649    0.4807    0.4766 0.0007914  0.003489  0.006416
     54/99      5.3G  0.002388  0.001063   0.01508   0.01853         7       640    0.6196    0.5507    0.4839    0.4796   0.00079  0.003492  0.006394
     55/99      5.3G  0.002234  0.001053   0.01485   0.01814         3       640    0.6224    0.5515     0.486    0.4819 0.0007886  0.003493  0.006371
     56/99      5.3G  0.002437  0.001067   0.01512   0.01863         3       640     0.624    0.5496    0.4886    0.4846 0.0007879  0.003498  0.006351
     57/99      5.3G  0.002343  0.001053    0.0149   0.01829         6       640    0.6191    0.5597    0.4919    0.4877 0.0007883  0.003494   0.00633
     58/99      5.3G  0.002263  0.001057    0.0148   0.01812         3       640    0.6267    0.5506    0.4942    0.4901 0.0007858  0.003497  0.006311
     59/99      5.3G  0.002229  0.001027   0.01475     0.018         3       640    0.6357    0.5449    0.4962    0.4921 0.0007856  0.003497   0.00629
     60/99      5.3G  0.002354   0.00104    0.0148   0.01819         3       640     0.635    0.5461    0.4987    0.4946 0.0007849  0.003509  0.006272
     61/99      5.3G  0.002302   0.00102   0.01484   0.01817         5       640    0.6261    0.5613    0.5005    0.4964 0.0007848  0.003518  0.006256
     62/99      5.3G  0.002196  0.001023   0.01489   0.01811         5       640    0.6256    0.5633    0.5023    0.4982  0.000784  0.003519  0.006238
     63/99      5.3G  0.002131  0.001021   0.01489   0.01804         4       640    0.6223    0.5616    0.5041    0.4999 0.0007826  0.003529  0.006221
     64/99      5.3G  0.002179  0.001014   0.01484   0.01804         7       640    0.6033    0.5634    0.5062    0.5021 0.0007815  0.003532  0.006207
     65/99      5.3G  0.002147 0.0009991   0.01461   0.01776         3       640    0.4111    0.6815    0.5083    0.5042 0.0007806  0.003531   0.00619
     66/99      5.3G  0.002086 0.0009975   0.01465   0.01773         4       640    0.4192    0.6738    0.5105    0.5063 0.0007799  0.003532  0.006175
     67/99      5.3G  0.002059  0.001007   0.01475   0.01782         3       640     0.421    0.6722    0.5121    0.5079 0.0007792  0.003534  0.006161
     68/99      5.3G  0.002121  0.000988   0.01455   0.01766         3       640    0.4368    0.6539     0.514    0.5098   0.00078  0.003536  0.006144
     69/99      5.3G  0.002193 0.0009858   0.01486   0.01803         3       640    0.4308    0.6654     0.516    0.5118 0.0007796  0.003541  0.006127
     70/99      5.3G  0.002087 0.0009716   0.01453   0.01759         3       640    0.4333    0.6642    0.5183    0.5141 0.0007797  0.003548  0.006109
     71/99      5.3G  0.002024 0.0009763   0.01466   0.01766         3       640    0.4293    0.6699    0.5206    0.5164   0.00078  0.003554  0.006091
     72/99      5.3G  0.002025 0.0009865   0.01449   0.01751         9       640    0.4322    0.6694    0.5224    0.5182 0.0007798  0.003557  0.006077
     73/99      5.3G  0.001996 0.0009663   0.01456   0.01753         3       640     0.427    0.6791    0.5238    0.5196 0.0007779  0.003567  0.006065
     74/99      5.3G  0.002015 0.0009578   0.01461   0.01758         6       640    0.4247    0.6842    0.5257    0.5215  0.000777  0.003572  0.006052
     75/99      5.3G  0.002001 0.0009735   0.01456   0.01754         3       640    0.4268     0.684    0.5276    0.5233 0.0007746  0.003583  0.006038
     76/99      5.3G  0.002046 0.0009671   0.01462   0.01763         7       640    0.4279    0.6829    0.5298    0.5255 0.0007744  0.003583  0.006026
     77/99      5.3G  0.001972 0.0009573   0.01447    0.0174         3       640    0.4367    0.6696    0.5315    0.5271 0.0007734  0.003597  0.006014
     78/99      5.3G  0.001903 0.0009301    0.0145   0.01733         3       640    0.4329    0.6809    0.5335    0.5291 0.0007718  0.003612  0.005999
     79/99      5.3G  0.001981 0.0009454   0.01431   0.01724         6       640    0.4357    0.6788    0.5345    0.5301 0.0007723  0.003631  0.005988
     80/99      5.3G  0.001941 0.0009512   0.01438   0.01727         3       640    0.4417    0.6694    0.5359    0.5316 0.0007732  0.003635  0.005978
     81/99      5.3G  0.001872 0.0009489   0.01455   0.01737         3       640    0.4342    0.6843     0.537    0.5327  0.000773  0.003636  0.005968
     82/99      5.3G  0.001882 0.0009185    0.0143    0.0171         3       640    0.4398    0.6753    0.5384    0.5341 0.0007732  0.003641  0.005959
     83/99      5.3G  0.001895 0.0009299    0.0145   0.01732         4       640    0.4399    0.6791    0.5396    0.5353 0.0007727   0.00365  0.005949
     84/99      5.3G   0.00184 0.0009256   0.01423     0.017         6       640    0.4415    0.6775    0.5409    0.5366 0.0007733  0.003666  0.005939
     85/99      5.3G  0.001832 0.0009363   0.01425   0.01702         5       640    0.4737    0.6388    0.5424    0.5381 0.0007717  0.003672   0.00593
     86/99      5.3G  0.001874 0.0009277    0.0143    0.0171         3       640    0.4477    0.6709    0.5436    0.5392 0.0007745  0.003676  0.005922
     87/99      5.3G  0.001856 0.0009178   0.01431   0.01708         3       640    0.4735    0.6403    0.5445    0.5402 0.0007739  0.003679  0.005913
     88/99      5.3G  0.001868 0.0009104   0.01445   0.01723         6       640    0.4715    0.6417    0.5457    0.5413  0.000775   0.00368  0.005902
     89/99      5.3G   0.00181 0.0009264   0.01431   0.01704         3       640    0.4627    0.6519    0.5466    0.5423 0.0007741  0.003687  0.005894
     90/99      5.3G  0.001839  0.000925   0.01443   0.01719         4       640    0.4808    0.6323     0.548    0.5436 0.0007742  0.003699  0.005885
     91/99      5.3G  0.001885 0.0009122   0.01432   0.01712         3       640    0.4643    0.6525    0.5487    0.5442  0.000774  0.003701  0.005877
     92/99      5.3G  0.001802 0.0009088   0.01431   0.01702         3       640    0.4658    0.6506    0.5498    0.5454 0.0007727  0.003715  0.005871
     93/99      5.3G  0.001751 0.0009111   0.01408   0.01674         4       640     0.454    0.6675    0.5509    0.5464 0.0007741  0.003723  0.005865
     94/99      5.3G  0.001787  0.000914   0.01432   0.01702         3       640    0.4512    0.6741     0.552    0.5476 0.0007752  0.003731  0.005858
     95/99      5.3G  0.001828 0.0008997   0.01438   0.01711         4       640    0.4515    0.6731     0.553    0.5486 0.0007759  0.003731  0.005852
     96/99      5.3G  0.001729 0.0008938   0.01391   0.01653         3       640    0.4617    0.6599    0.5536    0.5492 0.0007737  0.003733  0.005846
     97/99      5.3G  0.001882 0.0009032   0.01426   0.01704         3       640    0.4634    0.6561    0.5542    0.5497  0.000777  0.003736  0.005841
     98/99      5.3G  0.001759 0.0008914   0.01421   0.01686         3       640    0.4437    0.6901    0.5551    0.5506 0.0007784  0.003738  0.005835
     99/99      5.3G  0.001759  0.000895   0.01426   0.01692         6       640    0.4705     0.647    0.5559    0.5514 0.0007797  0.003746  0.005827
