     0/299    0.367G   0.03201   0.03722   0.06243    0.1317        20       640    0.1999     0.999    0.2232    0.1816   0.01042   0.02502   0.05958
     1/299     2.42G   0.01555   0.02312   0.05969   0.09835        18       640    0.2034    0.9545    0.2195    0.1896  0.009058   0.01664   0.05951
     2/299     2.65G   0.01249   0.01802   0.05949      0.09        18       640    0.2018    0.9754    0.2232    0.2044  0.008095   0.01327   0.05933
     3/299     2.65G  0.009567   0.01582   0.05939   0.08478        15       640    0.2188    0.8763    0.2596    0.2369  0.005269   0.01284   0.05903
     4/299     2.65G  0.007698    0.0141   0.05813   0.07993        15       640    0.2596     0.778    0.3133    0.2754  0.006385   0.01252   0.05652
     5/299     2.65G  0.006696   0.01313   0.05607    0.0759        13       640    0.3004    0.7455    0.3591    0.3435  0.005045   0.01336   0.05433
     6/299     2.65G  0.006008   0.01267   0.05483   0.07351        16       640    0.3167    0.7859    0.3677    0.3456  0.004403   0.01368   0.05555
     7/299     2.65G  0.005736   0.01236   0.05376   0.07186        23       640    0.3378    0.7571    0.3869    0.3751  0.004722   0.01296   0.05161
     8/299     2.65G   0.00533   0.01206   0.05301    0.0704        17       640     0.343    0.7853    0.4002    0.3872  0.003865   0.01285   0.05082
     9/299     2.65G   0.00506   0.01184   0.05303   0.06993        18       640    0.3153    0.8521    0.3823    0.3727  0.004089   0.01296   0.05325
    10/299     2.65G  0.004924   0.01174   0.05243    0.0691        20       640    0.3467    0.8316    0.4201    0.4115  0.004039   0.01254   0.04956
    11/299     2.65G  0.004724   0.01145   0.05235   0.06852        23       640    0.3468    0.8225    0.4144    0.4025  0.003914   0.01285   0.04941
    12/299     2.65G  0.004673   0.01138   0.05189   0.06794        18       640    0.3786    0.7397    0.4237    0.4146  0.003766   0.01198    0.0495
    13/299     2.65G  0.004447   0.01118   0.05166   0.06729        13       640    0.3564    0.8097     0.433    0.4051  0.005254   0.01288   0.04921
    14/299     2.65G  0.004324   0.01103   0.05183   0.06718        16       640    0.3665    0.8079    0.4427    0.4352   0.00357   0.01294    0.0488
    15/299     2.65G  0.004271   0.01082   0.05145   0.06654        18       640    0.3729    0.7653    0.4423    0.4341  0.003781   0.01282   0.04915
    16/299     2.65G  0.004246    0.0108   0.05084   0.06588        17       640    0.3835    0.7749    0.4536    0.4456  0.003497   0.01168   0.04846
    17/299     2.65G  0.004112   0.01066   0.05063    0.0654        25       640    0.3701    0.7861    0.4683    0.4573  0.003558   0.01186   0.04778
    18/299     2.65G  0.004317   0.01072   0.04997   0.06501        15       640    0.3794    0.7875    0.4677    0.4565  0.003824   0.01295   0.04728
    19/299     2.65G   0.00411   0.01069   0.05007   0.06487        17       640    0.3863    0.7647    0.4799    0.4677  0.003707   0.01286   0.04729
    20/299     2.65G  0.003903   0.01041   0.04987   0.06418        15       640    0.3998    0.7762     0.478    0.4655  0.003638   0.01289   0.04715
    21/299     2.65G  0.003813   0.01055   0.04963   0.06399        19       640    0.4073    0.7393    0.4947    0.4864  0.003382   0.01204   0.04689
    22/299     2.65G  0.003958   0.01027   0.04943   0.06367        15       640    0.4304    0.7293    0.4913    0.4819  0.003783   0.01189   0.04654
    23/299     2.65G  0.003777    0.0103   0.04965   0.06372        22       640    0.3708    0.8346    0.4788    0.4724  0.003392   0.01213    0.0477
    24/299     2.65G  0.003753   0.01023   0.04935   0.06333        16       640    0.4057      0.77    0.4937    0.4868  0.003514   0.01313   0.04642
    25/299     2.65G  0.003683   0.01011   0.04878   0.06257        12       640    0.4145    0.7747    0.5013    0.4944  0.003424   0.01225   0.04601
    26/299     2.65G  0.003573  0.009995   0.04896   0.06253        16       640    0.3969    0.7911     0.499    0.4911  0.003285    0.0126   0.04612
    27/299     2.65G  0.003675  0.009737    0.0487   0.06211        14       640    0.3992    0.7915    0.4901    0.4839   0.00309   0.01307   0.04619
    28/299     2.65G  0.003558  0.009793    0.0485   0.06186        12       640    0.4319    0.7441    0.5029     0.496  0.003146   0.01244   0.04595
    29/299     2.65G  0.003615  0.009631   0.04849   0.06174        16       640    0.4217    0.7352    0.4918      0.48  0.003583   0.01359   0.04676
    30/299     2.65G  0.003449  0.009526   0.04871   0.06169        14       640    0.4255    0.7757     0.516    0.5076  0.003219   0.01276   0.04596
    31/299     2.65G  0.003483  0.009639   0.04819   0.06131        15       640    0.4214    0.7628     0.518     0.512   0.00299    0.0127   0.04546
    32/299     2.66G  0.003491  0.009669   0.04848   0.06164        20       640    0.4264    0.7393    0.4996    0.4925  0.002965    0.0123   0.04639
    33/299     2.66G  0.003432  0.009391    0.0483   0.06112        21       640    0.4237    0.7559     0.514    0.5078  0.003129   0.01269   0.04588
    34/299     2.66G  0.003338  0.009513   0.04803   0.06089        15       640    0.4377    0.7628     0.521    0.5146  0.002976   0.01209    0.0448
    35/299     2.66G  0.003226  0.009043   0.04781   0.06008        15       640    0.4829    0.6995    0.5235    0.5171  0.002951   0.01241   0.04557
    36/299     2.66G   0.00342    0.0093   0.04772   0.06044        15       640    0.4215    0.8029    0.5187    0.5108  0.003191   0.01231   0.04487
    37/299     2.66G  0.003269  0.009394   0.04751   0.06017        18       640    0.4294    0.7382    0.5102    0.5038  0.002947   0.01319   0.04527
    38/299     2.66G  0.003268  0.009471   0.04809   0.06083        15       640    0.4053    0.8269    0.5175    0.5107  0.002704   0.01148   0.04513
    39/299     2.66G  0.003275  0.009146   0.04727   0.05969        17       640    0.4227    0.7939    0.5227     0.516   0.00297   0.01264   0.04476
    40/299     2.66G  0.003249  0.009191   0.04756      0.06        18       640    0.4526    0.7528    0.5248    0.5186   0.00292   0.01242   0.04504
    41/299     2.66G  0.003182  0.009142   0.04725   0.05957        18       640    0.4423    0.7838    0.5342    0.5251  0.002966   0.01423   0.04463
    42/299     2.66G  0.003205  0.009117   0.04726   0.05958        15       640    0.4414    0.7553    0.5233    0.5169  0.002939   0.01295   0.04489
    43/299     2.66G  0.003057  0.009101   0.04756   0.05972        20       640    0.4568    0.7465    0.5239    0.5164  0.002896   0.01385   0.04471
    44/299     2.66G  0.003093  0.009155   0.04665   0.05889        12       640    0.3973    0.8442    0.5097     0.502  0.002808    0.0128   0.04532
    45/299     2.66G  0.003151  0.008858   0.04712   0.05913        12       640    0.4505    0.7679    0.5311    0.5238  0.002817    0.0128   0.04484
    46/299     2.66G  0.003087  0.009176   0.04733   0.05959        23       640     0.423    0.7917    0.5256    0.5179  0.002709   0.01252   0.04454
    47/299     2.66G  0.003089  0.009024   0.04701   0.05913        17       640    0.4306     0.778    0.5291    0.5218  0.002818   0.01224   0.04488
    48/299     2.66G  0.003089  0.008916   0.04671   0.05871        24       640    0.4561     0.744    0.5349    0.5284  0.002724   0.01177   0.04425
    49/299     2.66G  0.002974  0.008783   0.04654   0.05829        17       640    0.4547    0.7569    0.5455    0.5387  0.002611   0.01211   0.04379
    50/299     2.66G  0.003124   0.00882   0.04636    0.0583        16       640    0.4562    0.7498     0.544    0.5377  0.002718   0.01282   0.04411
    51/299     2.66G  0.002953  0.008905   0.04685   0.05871        22       640    0.4493    0.7843    0.5379    0.5319  0.002693   0.01216   0.04385
    52/299     2.66G  0.003013  0.008945   0.04653   0.05848        19       640    0.4615    0.7476    0.5264    0.5191  0.002869   0.01283   0.04471
    53/299     2.66G  0.002923  0.008818   0.04605   0.05779        17       640    0.4508    0.7791    0.5363    0.5298  0.002906   0.01417   0.04417
    54/299     2.66G   0.00288  0.008646   0.04665   0.05818        16       640    0.4576    0.7777    0.5422    0.5356  0.002556   0.01179   0.04344
    55/299     2.66G  0.002931  0.008782   0.04619   0.05791        16       640    0.4328    0.7885    0.5227    0.5168  0.002552   0.01168   0.04457
    56/299     2.66G  0.002942  0.008656   0.04664   0.05824        24       640    0.4442    0.7444    0.5359    0.5274  0.002957   0.01248   0.04415
    57/299     2.66G  0.002916  0.008839    0.0459   0.05765        14       640    0.4548    0.7696    0.5528    0.5472  0.002641   0.01244   0.04313
    58/299     2.66G  0.002872  0.008589   0.04613   0.05759        18       640    0.4702    0.7393    0.5502    0.5442  0.002821   0.01235   0.04321
    59/299     2.66G  0.002879  0.008696   0.04585   0.05742        18       640    0.4564    0.7717    0.5468    0.5407  0.002772   0.01233   0.04337
    60/299     2.66G  0.002893  0.008746   0.04589   0.05753        15       640    0.4691    0.7633    0.5525    0.5457  0.002649   0.01175   0.04367
    61/299     2.66G  0.002845  0.008743     0.046   0.05759        13       640    0.4834    0.7321    0.5493    0.5419  0.002607   0.01291   0.04294
    62/299     2.66G  0.002762  0.008477   0.04593   0.05717        18       640    0.4445    0.7951     0.546    0.5386    0.0026   0.01216   0.04365
    63/299     2.66G  0.002842  0.008556   0.04559   0.05698        15       640    0.4737    0.7695    0.5546    0.5487  0.002556   0.01154   0.04265
    64/299     2.66G  0.002775  0.008543   0.04577   0.05708        13       640    0.4518    0.7738    0.5541    0.5474  0.002777   0.01219   0.04323
    65/299     2.66G  0.002797  0.008686   0.04582   0.05731        22       640    0.4549    0.7895    0.5531    0.5471  0.002611   0.01217   0.04302
    66/299     2.66G   0.00285  0.008556   0.04504   0.05644        17       640    0.4776    0.7754    0.5662    0.5587  0.002667   0.01246    0.0425
    67/299     2.66G  0.002774  0.008451   0.04539   0.05661        20       640    0.4853    0.7525    0.5602    0.5535  0.002751   0.01278   0.04259
    68/299     2.66G  0.002773  0.008524   0.04519   0.05649        18       640    0.4625    0.7805    0.5593    0.5532   0.00261   0.01284   0.04281
    69/299     2.66G  0.002734  0.008391   0.04485   0.05597        15       640    0.4701    0.7737     0.563    0.5569  0.002573   0.01269   0.04276
    70/299     2.66G  0.002754  0.008422   0.04544   0.05661        15       640    0.4369    0.8199    0.5596    0.5533  0.002514   0.01193   0.04249
    71/299     2.66G  0.002702  0.008481   0.04539   0.05658        15       640     0.471    0.7659    0.5634    0.5576  0.002753   0.01213   0.04243
    72/299     2.66G    0.0028  0.008504   0.04539    0.0567        13       640    0.4715    0.7647    0.5632    0.5573  0.002628   0.01151   0.04252
    73/299     2.66G   0.00274  0.008414   0.04503   0.05619        19       640    0.4932    0.7288    0.5656    0.5598  0.002547   0.01159   0.04227
    74/299     2.66G  0.002666  0.008303   0.04517   0.05614        19       640    0.4692    0.7424    0.5651     0.559  0.002405   0.01205   0.04257
    75/299     2.66G  0.002633  0.008394   0.04516   0.05618        23       640    0.4653    0.7894    0.5633    0.5566  0.002489   0.01204   0.04239
    76/299     2.66G  0.002655  0.008312   0.04508   0.05604        18       640    0.4817     0.766    0.5662    0.5598   0.00239   0.01151   0.04199
    77/299     2.66G  0.002683  0.008427    0.0448   0.05591        12       640    0.4805    0.7792    0.5746     0.568  0.002541   0.01221   0.04163
    78/299     2.66G  0.002638  0.008504   0.04549   0.05663        12       640    0.4715    0.7627    0.5608    0.5552  0.002353   0.01162   0.04224
    79/299     2.66G  0.002623  0.008142    0.0452   0.05596        18       640    0.4611    0.8059    0.5737    0.5681  0.002537   0.01273   0.04184
    80/299     2.66G  0.002611  0.008331   0.04497   0.05592        17       640    0.4762    0.7879    0.5665    0.5606  0.002398   0.01214   0.04187
    81/299     2.66G  0.002623  0.008272   0.04485   0.05574        18       640    0.4757    0.7814    0.5712    0.5657  0.002446     0.012   0.04187
    82/299     2.66G  0.002697  0.008329   0.04415   0.05517        22       640    0.4686    0.7953    0.5724    0.5667  0.002585   0.01255   0.04198
    83/299     2.66G  0.002567  0.008277   0.04453   0.05538        12       640    0.4773    0.7785     0.571    0.5652  0.002392   0.01181   0.04185
    84/299     2.66G  0.002579  0.008187   0.04428   0.05504        14       640    0.4563    0.8115    0.5624    0.5567   0.00242   0.01238   0.04197
    85/299     2.66G  0.002602  0.008349   0.04453   0.05548        19       640    0.4665    0.7953    0.5692    0.5639  0.002517   0.01291   0.04214
    86/299     2.66G  0.002497  0.008126   0.04455   0.05518        21       640    0.4821    0.7628    0.5738     0.568  0.002509   0.01311   0.04178
    87/299     2.66G  0.002544  0.008111   0.04474    0.0554        19       640    0.4937    0.7374    0.5747     0.569  0.002541   0.01237   0.04182
    88/299     2.66G  0.002532  0.008118   0.04481   0.05546        15       640     0.491    0.7618    0.5671    0.5611  0.002403    0.0121   0.04172
    89/299     2.66G  0.002566  0.007924   0.04446   0.05495        20       640    0.5114    0.7159      0.57    0.5642  0.002365   0.01195   0.04201
    90/299     2.66G  0.002546  0.008188    0.0445   0.05523        16       640    0.4731    0.7801    0.5711    0.5651  0.002395   0.01197   0.04213
    91/299     2.66G  0.002551   0.00816   0.04437   0.05508        15       640    0.4783     0.789    0.5756    0.5697  0.002446   0.01183   0.04165
    92/299     2.66G  0.002462  0.008042   0.04433   0.05483        20       640    0.4968    0.7527     0.573     0.567  0.002322    0.0119   0.04189
    93/299     2.66G  0.002529   0.00807   0.04398   0.05458        22       640    0.4766     0.803    0.5751    0.5694  0.002409   0.01188   0.04192
    94/299     2.66G  0.002442  0.007982   0.04439   0.05481        16       640    0.4763    0.7816    0.5753    0.5701  0.002429   0.01202   0.04189
    95/299     2.66G  0.002531  0.008096   0.04433   0.05496        12       640     0.487    0.7746    0.5802    0.5748   0.00241   0.01227    0.0417
    96/299     2.66G  0.002484  0.008183   0.04381   0.05448        12       640    0.5055    0.7486    0.5793    0.5744  0.002382   0.01215   0.04147
    97/299     2.66G  0.002473  0.008123   0.04405   0.05465        17       640    0.4818    0.7884    0.5776    0.5727   0.00239   0.01181   0.04161
    98/299     2.66G    0.0025  0.008055   0.04404   0.05459        21       640    0.5059    0.7565    0.5777    0.5727  0.002435   0.01204   0.04174
    99/299     2.66G   0.00251  0.008049   0.04428   0.05484        12       640    0.4939    0.7747    0.5829    0.5776  0.002315    0.0119   0.04135
   100/299     2.66G  0.002353  0.007766   0.04371   0.05383        12       640    0.5084    0.7586    0.5861    0.5809  0.002322   0.01184   0.04114
   101/299     2.66G  0.002402  0.007935   0.04401   0.05434        24       640    0.5149    0.7295    0.5824     0.577   0.00233   0.01204   0.04134
   102/299     2.66G  0.002396  0.008075   0.04414   0.05461        18       640    0.5042    0.7662    0.5881    0.5825   0.00233   0.01182   0.04096
   103/299     2.66G  0.002458  0.008034   0.04392   0.05441        17       640    0.4833    0.8084    0.5871    0.5817  0.002374    0.0121   0.04111
   104/299     2.66G  0.002413  0.007862   0.04423    0.0545        15       640    0.5002    0.7607    0.5841    0.5786  0.002306   0.01194   0.04103
   105/299     2.66G   0.00247  0.007975   0.04419   0.05463        21       640    0.4736    0.8203    0.5859    0.5802  0.002341   0.01222   0.04119
   106/299     2.66G  0.002381  0.007981   0.04365   0.05401        13       640    0.4905    0.7824    0.5828    0.5773   0.00231   0.01214   0.04109
   107/299     2.66G  0.002441  0.007889   0.04389   0.05422        17       640    0.5002    0.7709    0.5884    0.5828  0.002297   0.01206   0.04087
   108/299     2.66G   0.00241  0.008058   0.04343    0.0539        15       640    0.4963    0.7751    0.5894    0.5836  0.002269   0.01203   0.04084
   109/299     2.66G  0.002405  0.007952   0.04358   0.05394        16       640    0.4894    0.7901    0.5923    0.5871  0.002298   0.01197     0.041
   110/299     2.66G   0.00232  0.008032   0.04369   0.05404        16       640    0.4861    0.8024    0.5914    0.5861  0.002298   0.01214   0.04103
   111/299     2.66G  0.002396  0.008037   0.04322   0.05366        23       640    0.4958    0.7857    0.5921    0.5868  0.002282   0.01182   0.04104
   112/299     2.66G  0.002306   0.00788   0.04306   0.05325        19       640    0.4924    0.7967    0.5962     0.591  0.002292     0.012   0.04098
   113/299     2.66G  0.002395  0.007939   0.04317   0.05351        22       640    0.4773    0.8235    0.5952      0.59  0.002318   0.01201     0.041
   114/299     2.66G  0.002379  0.007781    0.0433   0.05346        19       640    0.4948    0.7679    0.5932    0.5881  0.002287   0.01178   0.04103
   115/299     2.66G  0.002396  0.007916   0.04332   0.05363        17       640    0.5065    0.7633    0.5906    0.5852  0.002259   0.01154   0.04118
   116/299     2.66G  0.002296  0.007809    0.0436    0.0537        16       640    0.5004    0.7684    0.5878    0.5826  0.002238   0.01165    0.0412
   117/299     2.66G  0.002275  0.007652   0.04316   0.05308        15       640    0.4984    0.7764    0.5917    0.5866  0.002258   0.01176   0.04106
   118/299     2.66G  0.002257  0.007767   0.04358    0.0536        15       640    0.4989     0.778    0.5901    0.5848  0.002216    0.0117   0.04116
   119/299     2.66G   0.00228  0.007801   0.04298   0.05306        21       640    0.5088    0.7572     0.591    0.5856  0.002244    0.0118   0.04109
   120/299     2.66G  0.002313  0.007782   0.04291     0.053        15       640    0.4965    0.7764     0.594     0.588  0.002237   0.01197   0.04112
   121/299     2.66G  0.002327  0.007932   0.04348   0.05374        14       640     0.498    0.7811    0.5938    0.5883  0.002251   0.01205   0.04108
   122/299     2.66G  0.002376  0.007874   0.04347   0.05372        15       640     0.488    0.8004    0.5923    0.5867  0.002226   0.01206   0.04097
   123/299     2.66G  0.002263  0.008001   0.04305   0.05332        20       640     0.504    0.7632    0.5918     0.586  0.002228   0.01203   0.04091
   124/299     2.66G  0.002283  0.007766   0.04333   0.05338        21       640    0.5123    0.7471    0.5911    0.5857  0.002193   0.01183   0.04096
   125/299     2.66G  0.002267  0.007784   0.04329   0.05334        20       640    0.5127    0.7385    0.5926    0.5875   0.00218   0.01188   0.04092
   126/299     2.66G  0.002309  0.007623   0.04269   0.05263        21       640    0.4964    0.7754    0.5927    0.5876    0.0022   0.01189   0.04097
   127/299     2.66G   0.00226  0.007658   0.04305   0.05296        14       640    0.4968    0.7712    0.5925    0.5876  0.002194   0.01195   0.04096
   128/299     2.66G  0.002236  0.007652   0.04262   0.05251        18       640    0.4905    0.7849    0.5919    0.5868  0.002207   0.01198   0.04094
   129/299     2.66G  0.002252  0.007695   0.04251   0.05246        18       640    0.4787    0.8176    0.5925    0.5874  0.002202   0.01181   0.04092
   130/299     2.66G  0.002245    0.0077   0.04304   0.05298        21       640    0.4805    0.8126    0.5909     0.586  0.002212   0.01186   0.04093
   131/299     2.66G   0.00225  0.007547   0.04263   0.05242        17       640    0.4851    0.7995    0.5916    0.5866  0.002216   0.01182   0.04085
   132/299     2.66G  0.002225  0.007734   0.04237   0.05233        15       640     0.481    0.8062     0.593    0.5879  0.002209   0.01186   0.04079
