     0/999    0.388G  0.009713   0.02119   0.02281   0.05372        12       640   0.03019   0.08586   0.02651  0.004605  0.008615   0.01347   0.02318
     1/999     4.82G  0.006839    0.0178   0.02264   0.04728        12       640  0.006678    0.9995   0.02558  0.005215  0.008162   0.01249   0.02319
     2/999     5.28G  0.006523   0.01715   0.02263   0.04631        12       640   0.03937    0.9238   0.06138   0.01922  0.007864   0.01172   0.02317
     3/999     5.29G  0.006411   0.01547    0.0226   0.04448        12       640   0.07656    0.5358   0.07443   0.02798  0.007732   0.01066    0.0232
     4/999     5.29G  0.006209   0.01312   0.02259   0.04192        12       640    0.1423    0.4288    0.1317   0.06369  0.007364   0.01167   0.02336
     5/999     5.29G  0.005431  0.009392   0.02258    0.0374        12       640    0.1851    0.7895    0.2047    0.1425  0.005384  0.007502   0.02318
     6/999     5.29G  0.003678  0.006298    0.0225   0.03248        12       640    0.2004    0.9532    0.2346    0.2009  0.004537  0.005561   0.02338
     7/999     5.29G  0.002377  0.003967   0.02244   0.02878        12       640    0.2016    0.9757    0.2506    0.2273  0.003977  0.005367   0.02344
     8/999     5.29G  0.001896  0.003015    0.0224   0.02731        12       640    0.2178    0.8361    0.2557    0.2361  0.003796  0.007274   0.02333
     9/999     5.29G  0.001617  0.002383   0.02215   0.02615        12       640    0.2313    0.7791    0.2714    0.2519  0.003631  0.007509   0.02329
    10/999     5.29G  0.001478  0.002132   0.02185   0.02546        12       640    0.2232    0.8639     0.268    0.2479  0.003524  0.008562   0.02335
    11/999     5.29G  0.001377  0.002011    0.0215   0.02489        12       640    0.2231    0.8469    0.2716    0.2528   0.00343  0.008499   0.02314
    12/999     5.29G  0.001295  0.001926   0.02122   0.02444        12       640    0.2314    0.8063     0.279    0.2627  0.003484  0.008227   0.02324
