# Hyperparameter Evolution Results
# Generations: 70
# Metrics:      0.348     0.816      0.42     0.413   0.00355    0.0135    0.0498

lr0: 0.00198
lrf: 0.218
momentum: 0.98
weight_decay: 0.00057
warmup_epochs: 2.62
warmup_momentum: 0.869
warmup_bias_lr: 0.0474
box: 0.0398
cls: 0.633
cls_pw: 0.893
obj: 1.41
obj_pw: 0.871
iou_t: 0.2
anchor_t: 4.19
anchors: 2.47
fl_gamma: 0.0
hsv_h: 0.0103
hsv_s: 0.892
hsv_v: 0.425
degrees: 0.0
translate: 0.0656
scale: 0.57
shear: 0.0
perspective: 0.0
flipud: 0.0
fliplr: 0.5
mosaic: 0.211
mixup: 0.0
