      0/24    0.367G   0.06484     0.037   0.04787    0.1497        12       640         0         0         0         0         0         0         0
      1/24     4.81G   0.06151   0.03635   0.04713     0.145        16       640         0         0         0         0         0         0         0
      2/24     4.81G   0.05979   0.03666   0.04708    0.1435        21       640         0         0         0         0         0         0         0
      3/24     4.81G   0.05571   0.03819   0.04705     0.141        15       640         0         0         0         0         0         0         0
      4/24     4.81G   0.04286   0.04214   0.04708    0.1321        17       640         0         0         0         0         0         0         0
      5/24     4.81G   0.03075   0.04506     0.047    0.1228        14       640         0         0         0         0         0         0         0
      6/24     4.81G   0.02571   0.04377   0.04701    0.1165        16       640         0         0         0         0         0         0         0
      7/24     4.81G    0.0226   0.04113   0.04699    0.1107        21       640         0         0         0         0         0         0         0
      8/24     4.81G   0.02095   0.03608   0.04705    0.1041        14       640         0         0         0         0         0         0         0
      9/24     4.81G   0.01968   0.03114   0.04704   0.09786        20       640         0         0         0         0         0         0         0
     10/24     4.81G   0.01781   0.02689   0.04701   0.09171        14       640         0         0         0         0         0         0         0
     11/24     4.81G   0.01671   0.02456   0.04701   0.08828        15       640         0         0         0         0         0         0         0
     12/24     4.81G   0.01549   0.02323     0.047   0.08572        14       640         0         0         0         0         0         0         0
     13/24     4.81G   0.01409   0.02224     0.047   0.08333        21       640         0         0         0         0         0         0         0
     14/24     4.81G   0.01373    0.0222   0.04699   0.08292        18       640         0         0         0         0         0         0         0
     15/24     4.81G    0.0125   0.02066   0.04698   0.08014        22       640         0         0         0         0         0         0         0
     16/24     4.81G   0.01182   0.02004     0.047   0.07886        19       640         0         0         0         0         0         0         0
     17/24     4.81G   0.01132   0.01931   0.04698   0.07761        12       640         0         0         0         0         0         0         0
     18/24     4.81G   0.01058   0.01913   0.04699    0.0767        19       640         0         0         0         0         0         0         0
     19/24     4.81G   0.01005   0.01871   0.04698   0.07574        20       640         0         0         0         0         0         0         0
     20/24     4.81G  0.009834   0.01836   0.04698   0.07517        15       640         0         0         0         0         0         0         0
     21/24     4.81G  0.009593   0.01827   0.04697   0.07484        20       640         0         0         0         0         0         0         0
     22/24     4.81G  0.009151   0.01772   0.04697   0.07384        20       640         0         0         0         0         0         0         0
     23/24     4.81G  0.008904   0.01743   0.04694   0.07327        20       640         0         0         0         0         0         0         0
     24/24     4.81G   0.00869   0.01732   0.04697   0.07298        13       640    0.2015    0.9717    0.2177    0.2137  0.005777   0.01329   0.04696
      0/24     4.79G   0.06259   0.04268   0.05393    0.1592        19       640         0         0         0         0         0         0         0
      1/24     4.79G   0.06005   0.04132   0.05279    0.1542        13       640         0         0         0         0         0         0         0
      2/24     4.79G   0.05805   0.04161    0.0525    0.1522        26       640         0         0         0         0         0         0         0
      3/24     4.79G   0.05635   0.04181   0.05244    0.1506        12       640         0         0         0         0         0         0         0
      4/24     4.79G   0.05185   0.04367   0.05244     0.148        15       640         0         0         0         0         0         0         0
      5/24     4.79G   0.03533   0.04811   0.05248    0.1359        13       640         0         0         0         0         0         0         0
      6/24     4.79G   0.02802   0.04855   0.05241     0.129        19       640         0         0         0         0         0         0         0
      7/24     4.79G   0.02507   0.04506   0.05241    0.1225        19       640         0         0         0         0         0         0         0
      8/24     4.79G    0.0229   0.03846   0.05248    0.1138        15       640         0         0         0         0         0         0         0
      9/24     4.79G   0.02115   0.03283   0.05241    0.1064        15       640         0         0         0         0         0         0         0
     10/24     4.79G   0.01819   0.02858   0.05242   0.09919        16       640         0         0         0         0         0         0         0
     11/24     4.79G    0.0167   0.02633   0.05242   0.09545        13       640         0         0         0         0         0         0         0
     12/24     4.79G   0.01571   0.02478    0.0524   0.09289        12       640         0         0         0         0         0         0         0
     13/24     4.79G   0.01422   0.02403   0.05238   0.09064        20       640         0         0         0         0         0         0         0
     14/24     4.79G   0.01357   0.02303   0.05238   0.08899        12       640         0         0         0         0         0         0         0
     15/24     4.79G   0.01238   0.02221   0.05239   0.08698        19       640         0         0         0         0         0         0         0
     16/24     4.79G   0.01168    0.0213    0.0524   0.08538        13       640         0         0         0         0         0         0         0
     17/24     4.79G   0.01112   0.02109   0.05237   0.08459        15       640         0         0         0         0         0         0         0
     18/24     4.79G   0.01046   0.01973   0.05237   0.08256        15       640         0         0         0         0         0         0         0
     19/24     4.79G  0.009917   0.01961   0.05235   0.08188        28       640         0         0         0         0         0         0         0
     20/24     4.79G   0.00958   0.01954   0.05236   0.08148        13       640         0         0         0         0         0         0         0
     21/24     4.79G  0.009175   0.01883   0.05238   0.08038        13       640         0         0         0         0         0         0         0
     22/24     4.79G  0.009014   0.01862   0.05236   0.07999        19       640         0         0         0         0         0         0         0
     23/24     4.79G  0.008814   0.01864   0.05237   0.07982        12       640         0         0         0         0         0         0         0
     24/24     4.79G  0.008622   0.01795   0.05236   0.07893        17       640     0.201    0.9864    0.2154    0.2125  0.005291   0.01485   0.05232
      0/24     4.79G   0.06766   0.03834   0.04588    0.1519        18       640         0         0         0         0         0         0         0
      1/24     4.79G    0.0644   0.03727   0.04531     0.147        14       640         0         0         0         0         0         0         0
      2/24     4.79G   0.06163   0.03821   0.04518     0.145        15       640         0         0         0         0         0         0         0
      3/24     4.79G   0.05445   0.04018   0.04512    0.1397        15       640         0         0         0         0         0         0         0
      4/24     4.79G   0.03884     0.046   0.04512      0.13        17       640         0         0         0         0         0         0         0
      5/24     4.79G   0.02958   0.04715   0.04505    0.1218        19       640         0         0         0         0         0         0         0
      6/24     4.79G   0.02502   0.04596   0.04508    0.1161        12       640         0         0         0         0         0         0         0
      7/24     4.79G   0.02234   0.04015   0.04512    0.1076        17       640         0         0         0         0         0         0         0
      8/24     4.79G   0.02094   0.03377    0.0451    0.0998        17       640         0         0         0         0         0         0         0
      9/24     4.79G   0.01951    0.0296   0.04508   0.09418        18       640         0         0         0         0         0         0         0
     10/24     4.79G   0.01754   0.02612   0.04508   0.08874        20       640         0         0         0         0         0         0         0
     11/24     4.79G   0.01606   0.02455   0.04506   0.08567        19       640         0         0         0         0         0         0         0
     12/24     4.79G   0.01449   0.02277   0.04505   0.08231        25       640         0         0         0         0         0         0         0
     13/24     4.79G   0.01349   0.02212   0.04505   0.08067        15       640         0         0         0         0         0         0         0
     14/24     4.79G    0.0132   0.02175   0.04504   0.07999        21       640         0         0         0         0         0         0         0
     15/24     4.79G   0.01206   0.02047   0.04503   0.07756        21       640         0         0         0         0         0         0         0
     16/24     4.79G   0.01153   0.02012   0.04503   0.07668        18       640         0         0         0         0         0         0         0
     17/24     4.79G   0.01098   0.01952   0.04502   0.07552        13       640         0         0         0         0         0         0         0
     18/24     4.79G   0.01043    0.0191   0.04502   0.07456        16       640         0         0         0         0         0         0         0
     19/24     4.79G  0.009948   0.01854   0.04501    0.0735        15       640         0         0         0         0         0         0         0
     20/24     4.79G  0.009767   0.01866   0.04502   0.07345        14       640         0         0         0         0         0         0         0
     21/24     4.79G  0.009434   0.01816   0.04502   0.07261        24       640         0         0         0         0         0         0         0
     22/24     4.79G  0.009167   0.01769   0.04501   0.07187        12       640         0         0         0         0         0         0         0
     23/24     4.79G  0.009014   0.01776   0.04502   0.07179        15       640         0         0         0         0         0         0         0
     24/24     4.79G  0.008785   0.01744   0.04502   0.07124        15       640    0.2004    0.9916    0.2142    0.2108  0.005696   0.01312     0.045
      0/24     4.79G   0.06313   0.03868   0.04709    0.1489        15       640         0         0         0         0         0         0         0
      1/24     4.79G   0.06049   0.03809   0.04635    0.1449        12       640         0         0         0         0         0         0         0
      2/24     4.79G   0.05825   0.03816   0.04632    0.1427        16       640         0         0         0         0         0         0         0
      3/24     4.79G   0.05674   0.03876    0.0463    0.1418        22       640         0         0         0         0         0         0         0
      4/24     4.79G    0.0459   0.04201   0.04626    0.1342        18       640         0         0         0         0         0         0         0
      5/24     4.79G   0.03152   0.04624   0.04623     0.124        15       640         0         0         0         0         0         0         0
      6/24     4.79G   0.02656   0.04492   0.04621    0.1177        24       640         0         0         0         0         0         0         0
      7/24     4.79G   0.02349    0.0417   0.04622    0.1114        18       640         0         0         0         0         0         0         0
      8/24     4.79G   0.02096    0.0357   0.04628    0.1029        17       640         0         0         0         0         0         0         0
      9/24     4.79G   0.01922    0.0295   0.04625   0.09496        15       640         0         0         0         0         0         0         0
     10/24     4.79G   0.01663   0.02637   0.04625   0.08925        13       640         0         0         0         0         0         0         0
     11/24     4.79G   0.01545   0.02366   0.04624   0.08535        15       640         0         0         0         0         0         0         0
     12/24     4.79G   0.01403   0.02253   0.04621   0.08277        15       640         0         0         0         0         0         0         0
     13/24     4.79G   0.01311   0.02171   0.04621   0.08103        20       640         0         0         0         0         0         0         0
     14/24     4.79G   0.01228   0.02108   0.04621   0.07958        24       640         0         0         0         0         0         0         0
     15/24     4.79G   0.01157   0.02041    0.0462   0.07817        18       640         0         0         0         0         0         0         0
     16/24     4.79G   0.01111   0.01931   0.04619   0.07661        14       640         0         0         0         0         0         0         0
     17/24     4.79G   0.01053   0.01875   0.04621   0.07549        14       640         0         0         0         0         0         0         0
     18/24     4.79G  0.009733   0.01742   0.04619   0.07335        16       640         0         0         0         0         0         0         0
     19/24     4.79G  0.009228   0.01705   0.04618   0.07246        20       640         0         0         0         0         0         0         0
     20/24     4.79G  0.009185   0.01728   0.04618   0.07265        13       640         0         0         0         0         0         0         0
     21/24     4.79G    0.0089   0.01691   0.04618   0.07199        14       640         0         0         0         0         0         0         0
     22/24     4.79G  0.008674   0.01675   0.04619   0.07162        14       640         0         0         0         0         0         0         0
     23/24     4.79G  0.008441   0.01657   0.04618   0.07119        18       640         0         0         0         0         0         0         0
     24/24     4.79G  0.008217   0.01621   0.04618   0.07061        22       640    0.2003    0.9932    0.2152    0.2117  0.005931   0.01369   0.04617
      0/24     4.79G   0.06383   0.03737   0.04954    0.1507        12       640         0         0         0         0         0         0         0
      1/24     4.79G   0.06163   0.03659   0.04895    0.1472        16       640         0         0         0         0         0         0         0
      2/24     4.79G   0.05932   0.03716   0.04882    0.1453        12       640         0         0         0         0         0         0         0
      3/24     4.79G   0.05423    0.0387   0.04885    0.1418        14       640         0         0         0         0         0         0         0
      4/24     4.79G   0.03905   0.04395   0.04878    0.1318        20       640         0         0         0         0         0         0         0
      5/24     4.79G   0.03017   0.04492   0.04875    0.1238        14       640         0         0         0         0         0         0         0
      6/24     4.79G   0.02644    0.0441   0.04874    0.1193        16       640         0         0         0         0         0         0         0
      7/24     4.79G   0.02304   0.04114   0.04874    0.1129        15       640         0         0         0         0         0         0         0
      8/24     4.79G    0.0217   0.03443    0.0488    0.1049        12       640         0         0         0         0         0         0         0
      9/24     4.79G   0.01998   0.02971   0.04874   0.09843        21       640         0         0         0         0         0         0         0
     10/24     4.79G   0.01796   0.02572   0.04872   0.09239        20       640         0         0         0         0         0         0         0
     11/24     4.79G   0.01655   0.02375   0.04872   0.08902        21       640         0         0         0         0         0         0         0
     12/24     4.79G   0.01494   0.02246    0.0487    0.0861        16       640         0         0         0         0         0         0         0
     13/24     4.79G   0.01382   0.02153   0.04871   0.08406        16       640         0         0         0         0         0         0         0
     14/24     4.79G   0.01339   0.02131    0.0487    0.0834        23       640         0         0         0         0         0         0         0
     15/24     4.79G   0.01217   0.02005   0.04869   0.08091        17       640         0         0         0         0         0         0         0
     16/24     4.79G   0.01143   0.01945   0.04872    0.0796        21       640         0         0         0         0         0         0         0
     17/24     4.79G   0.01079   0.01848   0.04869   0.07797        13       640         0         0         0         0         0         0         0
     18/24     4.79G   0.01058   0.01841   0.04872   0.07771        14       640         0         0         0         0         0         0         0
     19/24     4.79G  0.009983   0.01771   0.04869   0.07638        17       640         0         0         0         0         0         0         0
     20/24     4.79G  0.009563   0.01733   0.04869   0.07558        16       640         0         0         0         0         0         0         0
     21/24     4.79G  0.009442   0.01705   0.04871    0.0752        13       640         0         0         0         0         0         0         0
     22/24     4.79G    0.0092   0.01702    0.0487   0.07493        16       640         0         0         0         0         0         0         0
     23/24     4.79G  0.008849   0.01652   0.04868   0.07405        12       640         0         0         0         0         0         0         0
     24/24     4.79G  0.008701   0.01629   0.04868   0.07368        14       640    0.2007    0.9917    0.2183    0.2138  0.005169    0.0127   0.04867
      0/24     4.79G   0.06049   0.02681   0.04852    0.1358        16       640         0         0         0         0         0         0         0
      1/24     4.79G   0.05707   0.02628   0.04739    0.1307        14       640         0         0         0         0         0         0         0
      2/24     4.79G   0.05556   0.02656   0.04729    0.1294        16       640         0         0         0         0         0         0         0
      3/24     4.79G    0.0527   0.02643   0.04725    0.1264        17       640         0         0         0         0         0         0         0
      4/24     4.79G   0.04866   0.02794   0.04725    0.1239        15       640         0         0         0         0         0         0         0
      5/24     4.79G    0.0352    0.0305   0.04725    0.1129        12       640         0         0         0         0         0         0         0
      6/24     4.79G   0.02833   0.03188   0.04723    0.1074        14       640         0         0         0         0         0         0         0
      7/24     4.79G   0.02448   0.03177   0.04721    0.1035        21       640         0         0         0         0         0         0         0
      8/24     4.79G   0.02289   0.03104   0.04721    0.1011        20       640         0         0         0         0         0         0         0
      9/24     4.79G   0.02128   0.02999   0.04722   0.09849        13       640         0         0         0         0         0         0         0
     10/24     4.79G   0.02047   0.02752   0.04725   0.09523        25       640         0         0         0         0         0         0         0
     11/24     4.79G   0.01975   0.02519   0.04728   0.09222        13       640         0         0         0         0         0         0         0
     12/24     4.79G   0.01903   0.02329   0.04727   0.08959        19       640         0         0         0         0         0         0         0
     13/24     4.79G   0.01768    0.0224   0.04722    0.0873        19       640         0         0         0         0         0         0         0
     14/24     4.79G   0.01737    0.0217   0.04724   0.08631        16       640         0         0         0         0         0         0         0
     15/24     4.79G    0.0163   0.01979   0.04722   0.08332        19       640         0         0         0         0         0         0         0
     16/24     4.79G   0.01548   0.01914   0.04722   0.08184        15       640         0         0         0         0         0         0         0
     17/24     4.79G   0.01444   0.01825   0.04724   0.07993        15       640         0         0         0         0         0         0         0
     18/24     4.79G   0.01407   0.01809   0.04722   0.07938        13       640         0         0         0         0         0         0         0
     19/24     4.79G   0.01311    0.0175   0.04722   0.07783        15       640         0         0         0         0         0         0         0
     20/24     4.79G   0.01279   0.01732   0.04721   0.07732        13       640         0         0         0         0         0         0         0
     21/24     4.79G   0.01232   0.01694   0.04723   0.07648        20       640         0         0         0         0         0         0         0
     22/24     4.79G   0.01202   0.01684   0.04721   0.07607        22       640         0         0         0         0         0         0         0
     23/24     4.79G    0.0118   0.01665   0.04721   0.07566        21       640         0         0         0         0         0         0         0
     24/24     4.79G   0.01146   0.01647   0.04722   0.07515        14       640     0.201    0.9832    0.2175    0.2085   0.00791   0.01139   0.04717
      0/24     4.79G   0.04523   0.03886   0.04604    0.1301        21       640         0         0         0         0         0         0         0
      1/24     4.79G   0.04368   0.03837   0.04539    0.1274        29       640         0         0         0         0         0         0         0
      2/24     4.79G   0.04222   0.03899   0.04524    0.1264        26       640         0         0         0         0         0         0         0
      3/24     4.79G    0.0402   0.03918   0.04519    0.1246        16       640         0         0         0         0         0         0         0
      4/24     4.79G   0.03461   0.04296   0.04523    0.1228        15       640         0         0         0         0         0         0         0
      5/24     4.79G   0.02526   0.04709   0.04517    0.1175        22       640         0         0         0         0         0         0         0
      6/24     4.79G   0.02145   0.04673   0.04516    0.1133        21       640         0         0         0         0         0         0         0
      7/24     4.79G   0.01893   0.04522   0.04515    0.1093        28       640         0         0         0         0         0         0         0
      8/24     4.79G   0.01691   0.04087   0.04521     0.103        25       640         0         0         0         0         0         0         0
      9/24     4.79G   0.01562   0.03332    0.0452   0.09415        19       640         0         0         0         0         0         0         0
     10/24     4.79G   0.01372   0.02899   0.04516   0.08787        12       640         0         0         0         0         0         0         0
     11/24     4.79G   0.01266   0.02695   0.04516   0.08477        17       640         0         0         0         0         0         0         0
     12/24     4.79G   0.01168   0.02531   0.04514   0.08213        14       640         0         0         0         0         0         0         0
     13/24     4.79G   0.01065   0.02442   0.04513    0.0802        20       640         0         0         0         0         0         0         0
     14/24     4.79G  0.009985   0.02345   0.04514   0.07857        22       640         0         0         0         0         0         0         0
     15/24     4.79G  0.009454   0.02256   0.04513   0.07714        21       640         0         0         0         0         0         0         0
     16/24     4.79G  0.009091   0.02181   0.04513   0.07603        12       640         0         0         0         0         0         0         0
     17/24     4.79G  0.008554   0.02157   0.04513   0.07525        19       640         0         0         0         0         0         0         0
     18/24     4.79G  0.008151   0.02046   0.04512   0.07374        19       640         0         0         0         0         0         0         0
     19/24     4.79G  0.007947   0.02038   0.04513   0.07346        22       640         0         0         0         0         0         0         0
     20/24     4.79G  0.007465   0.01962   0.04512    0.0722        20       640         0         0         0         0         0         0         0
     21/24     4.79G  0.007285   0.01941   0.04512   0.07181        15       640         0         0         0         0         0         0         0
     22/24     4.79G   0.00705   0.01883   0.04511   0.07099        15       640         0         0         0         0         0         0         0
     23/24     4.79G  0.007058   0.01894   0.04512   0.07112        15       640         0         0         0         0         0         0         0
     24/24     4.79G   0.00675   0.01828   0.04512   0.07014        22       640    0.2002    0.9958     0.216    0.2123   0.00392   0.01331    0.0451
      0/24     1.81G   0.06482   0.03696   0.05016    0.1519        18       640         0         0         0         0         0         0         0
      1/24     4.86G   0.06107   0.03596   0.04916    0.1462        12       640         0         0         0         0         0         0         0
      2/24     4.87G   0.06028   0.03659   0.04885    0.1457        14       640         0         0         0         0         0         0         0
      3/24     4.87G   0.05694   0.03725   0.04874    0.1429        13       640         0         0         0         0         0         0         0
      4/24     4.87G    0.0437   0.04158   0.04874     0.134        12       640         0         0         0         0         0         0         0
      5/24     4.87G   0.03021   0.04526   0.04868    0.1241        15       640         0         0         0         0         0         0         0
      6/24     4.87G   0.02476   0.04303   0.04865    0.1164        17       640         0         0         0         0         0         0         0
      7/24     4.87G   0.02081   0.03793   0.04871    0.1075        12       640         0         0         0         0         0         0         0
      8/24     4.87G   0.01898   0.02921   0.04878   0.09697        18       640         0         0         0         0         0         0         0
      9/24     4.87G   0.01631   0.02396   0.04869   0.08896        19       640         0         0         0         0         0         0         0
     10/24     4.87G   0.01419   0.02135   0.04865   0.08419        18       640         0         0         0         0         0         0         0
     11/24     4.87G   0.01267   0.01995   0.04863   0.08125        17       640         0         0         0         0         0         0         0
     12/24     4.87G   0.01149   0.01839   0.04864   0.07852        21       640         0         0         0         0         0         0         0
     13/24     4.87G   0.01081   0.01774   0.04863   0.07718        16       640         0         0         0         0         0         0         0
     14/24     4.87G   0.01006   0.01677   0.04865   0.07548        20       640         0         0         0         0         0         0         0
     15/24     4.87G  0.009532   0.01605   0.04863   0.07421        22       640         0         0         0         0         0         0         0
     16/24     4.87G  0.008736   0.01474   0.04862   0.07209        17       640         0         0         0         0         0         0         0
     17/24     4.87G  0.008666   0.01529   0.04862   0.07258        16       640         0         0         0         0         0         0         0
     18/24     4.87G  0.007907    0.0144   0.04862   0.07092        19       640         0         0         0         0         0         0         0
     19/24     4.87G  0.007596   0.01407   0.04859   0.07026        15       640         0         0         0         0         0         0         0
     20/24     4.87G  0.007402   0.01382   0.04858    0.0698        12       640         0         0         0         0         0         0         0
     21/24     4.87G  0.007278   0.01362   0.04859   0.06948        21       640         0         0         0         0         0         0         0
     22/24     4.87G  0.007142   0.01362    0.0486   0.06936        20       640         0         0         0         0         0         0         0
     23/24     4.87G  0.007003   0.01351    0.0486   0.06911        16       640         0         0         0         0         0         0         0
     24/24     4.87G  0.006698   0.01305   0.04859   0.06833        18       640    0.1999    0.9992    0.2178    0.2139   0.00476   0.01203   0.04858
      0/24     4.81G   0.06463   0.03691   0.05091    0.1524        14       640         0         0         0         0         0         0         0
      1/24     4.81G   0.06184   0.03609   0.05029    0.1482        16       640         0         0         0         0         0         0         0
      2/24     4.81G   0.06002   0.03662   0.05019    0.1468        16       640         0         0         0         0         0         0         0
      3/24     4.81G   0.05555   0.03782   0.05019    0.1436        12       640         0         0         0         0         0         0         0
      4/24     4.81G   0.04125   0.04283   0.05016    0.1342        17       640         0         0         0         0         0         0         0
      5/24     4.81G   0.03016   0.04491   0.05009    0.1252        20       640         0         0         0         0         0         0         0
      6/24     4.81G   0.02615   0.04354   0.05009    0.1198        17       640         0         0         0         0         0         0         0
      7/24     4.81G   0.02243   0.04111    0.0501    0.1136        12       640         0         0         0         0         0         0         0
      8/24     4.81G   0.02096   0.03465   0.05016    0.1058        12       640         0         0         0         0         0         0         0
      9/24     4.81G   0.01999   0.02967   0.05012   0.09978        16       640         0         0         0         0         0         0         0
     10/24     4.81G   0.01754   0.02618   0.05011   0.09383        22       640         0         0         0         0         0         0         0
     11/24     4.81G   0.01623   0.02418   0.05011   0.09052        19       640         0         0         0         0         0         0         0
     12/24     4.81G    0.0151   0.02311   0.05007   0.08828        16       640         0         0         0         0         0         0         0
     13/24     4.81G   0.01414   0.02186   0.05008   0.08608        19       640         0         0         0         0         0         0         0
     14/24     4.81G   0.01364    0.0214   0.05008   0.08511        23       640         0         0         0         0         0         0         0
     15/24     4.81G   0.01235   0.01995   0.05007   0.08238        15       640         0         0         0         0         0         0         0
     16/24     4.81G   0.01164   0.01908   0.05008    0.0808        16       640         0         0         0         0         0         0         0
     17/24     4.81G   0.01101   0.01827   0.05008   0.07936        16       640         0         0         0         0         0         0         0
     18/24     4.81G   0.01063    0.0181   0.05008   0.07881        14       640         0         0         0         0         0         0         0
     19/24     4.81G  0.009849   0.01734   0.05007   0.07725        16       640         0         0         0         0         0         0         0
     20/24     4.81G  0.009721   0.01714   0.05007   0.07693        16       640         0         0         0         0         0         0         0
     21/24     4.81G  0.009379    0.0169   0.05007   0.07635        12       640         0         0         0         0         0         0         0
     22/24     4.81G  0.009238   0.01688   0.05006   0.07619        15       640         0         0         0         0         0         0         0
     23/24     4.81G  0.008855   0.01624   0.05004   0.07514        12       640         0         0         0         0         0         0         0
     24/24     4.81G  0.008601   0.01609   0.05005   0.07474        14       640       0.2    0.9969      0.22    0.2166  0.005268    0.0129   0.05004
      0/24     4.79G    0.0646   0.03726   0.05058    0.1524        12       640         0         0         0         0         0         0         0
      1/24     4.79G   0.06185   0.03638   0.04983    0.1481        16       640         0         0         0         0         0         0         0
      2/24     4.79G    0.0601   0.03681   0.04971    0.1466        21       640         0         0         0         0         0         0         0
      3/24     4.79G   0.05799   0.03754   0.04968    0.1452        15       640         0         0         0         0         0         0         0
      4/24     4.79G   0.04634   0.04141   0.04968    0.1374        19       640         0         0         0         0         0         0         0
      5/24     4.79G    0.0321   0.04543   0.04963    0.1272        14       640         0         0         0         0         0         0         0
      6/24     4.79G   0.02714   0.04385   0.04964    0.1206        12       640         0         0         0         0         0         0         0
      7/24     4.79G   0.02389   0.04013   0.04968    0.1137        22       640         0         0         0         0         0         0         0
      8/24     4.79G   0.02238   0.03319   0.04971    0.1053        12       640         0         0         0         0         0         0         0
      9/24     4.79G   0.02021   0.02961   0.04963   0.09945        15       640         0         0         0         0         0         0         0
     10/24     4.79G    0.0175   0.02664   0.04966    0.0938        17       640         0         0         0         0         0         0         0
     11/24     4.79G    0.0166   0.02464   0.04963   0.09087        18       640         0         0         0         0         0         0         0
     12/24     4.79G   0.01544   0.02332   0.04962   0.08838        14       640         0         0         0         0         0         0         0
     13/24     4.79G   0.01408   0.02223   0.04961   0.08592        20       640         0         0         0         0         0         0         0
     14/24     4.79G   0.01378   0.02214   0.04963   0.08555        14       640         0         0         0         0         0         0         0
     15/24     4.79G   0.01236   0.02069   0.04963   0.08268        14       640         0         0         0         0         0         0         0
     16/24     4.79G    0.0116   0.02007   0.04961   0.08128        15       640         0         0         0         0         0         0         0
     17/24     4.79G   0.01103   0.01952   0.04963   0.08018        15       640         0         0         0         0         0         0         0
     18/24     4.79G   0.01073    0.0193   0.04961   0.07964        16       640         0         0         0         0         0         0         0
     19/24     4.79G  0.009961    0.0186   0.04961   0.07818        21       640         0         0         0         0         0         0         0
     20/24     4.79G  0.009709   0.01855    0.0496   0.07787        21       640         0         0         0         0         0         0         0
     21/24     4.79G  0.009575   0.01844    0.0496   0.07762        20       640         0         0         0         0         0         0         0
     22/24     4.79G  0.009227   0.01785   0.04961   0.07669        16       640         0         0         0         0         0         0         0
     23/24     4.79G  0.008916   0.01769   0.04959    0.0762        15       640         0         0         0         0         0         0         0
     24/24     4.79G  0.008838   0.01757    0.0496   0.07601        16       640    0.2003    0.9955    0.2135    0.2105  0.005681   0.01369   0.04957
      0/24     4.79G   0.06431   0.03578   0.05173    0.1518        12       640         0         0         0         0         0         0         0
      1/24     4.79G   0.06233   0.03476   0.05097    0.1481        16       640         0         0         0         0         0         0         0
      2/24     4.79G   0.06038   0.03501   0.05092    0.1463        17       640         0         0         0         0         0         0         0
      3/24     4.79G   0.05782   0.03557   0.05084    0.1442        14       640         0         0         0         0         0         0         0
      4/24     4.79G   0.04681   0.03914   0.05086    0.1368        14       640         0         0         0         0         0         0         0
      5/24     4.79G   0.03253   0.04219   0.05081    0.1255        14       640         0         0         0         0         0         0         0
      6/24     4.79G   0.02791   0.04183    0.0508    0.1205        12       640         0         0         0         0         0         0         0
      7/24     4.79G   0.02433   0.04072    0.0508    0.1159        22       640         0         0         0         0         0         0         0
      8/24     4.79G   0.02248   0.03639   0.05084    0.1097        14       640         0         0         0         0         0         0         0
      9/24     4.79G   0.02177    0.0312   0.05084    0.1038        20       640         0         0         0         0         0         0         0
     10/24     4.79G   0.01965   0.02739   0.05081   0.09785        17       640         0         0         0         0         0         0         0
     11/24     4.79G     0.018   0.02538   0.05081   0.09419        15       640         0         0         0         0         0         0         0
     12/24     4.79G   0.01657   0.02385   0.05081   0.09123        14       640         0         0         0         0         0         0         0
     13/24     4.79G   0.01546   0.02247   0.05078   0.08872        14       640         0         0         0         0         0         0         0
     14/24     4.79G   0.01511   0.02198   0.05077   0.08786        19       640         0         0         0         0         0         0         0
     15/24     4.79G   0.01342   0.02066   0.05079   0.08487        26       640         0         0         0         0         0         0         0
     16/24     4.79G   0.01265   0.01978   0.05078    0.0832        23       640         0         0         0         0         0         0         0
     17/24     4.79G   0.01192   0.01941   0.05077   0.08211        15       640         0         0         0         0         0         0         0
     18/24     4.79G   0.01164   0.01923   0.05079   0.08167        12       640         0         0         0         0         0         0         0
     19/24     4.79G   0.01071   0.01833   0.05077   0.07981        15       640         0         0         0         0         0         0         0
     20/24     4.79G   0.01061   0.01851   0.05076   0.07988        12       640         0         0         0         0         0         0         0
     21/24     4.79G   0.01019   0.01813   0.05075   0.07907        20       640         0         0         0         0         0         0         0
     22/24     4.79G  0.009942   0.01799   0.05076   0.07869        17       640         0         0         0         0         0         0         0
     23/24     4.79G  0.009513   0.01752   0.05076   0.07779        22       640         0         0         0         0         0         0         0
     24/24     4.79G  0.009461    0.0175   0.05077   0.07773        18       640    0.2001    0.9961      0.22    0.2149  0.006206   0.01367   0.05073
      0/24     4.79G   0.06344   0.03311   0.05215    0.1487        16       640         0         0         0         0         0         0         0
      1/24     4.79G   0.06023    0.0322   0.05152     0.144        14       640         0         0         0         0         0         0         0
      2/24     4.79G   0.05782   0.03286   0.05145    0.1421        15       640         0         0         0         0         0         0         0
      3/24     4.79G   0.04567   0.03503   0.05144    0.1321        14       640         0         0         0         0         0         0         0
      4/24     4.79G   0.03182   0.03917   0.05139    0.1224        17       640         0         0         0         0         0         0         0
      5/24     4.79G   0.02729   0.03877   0.05138    0.1174        12       640         0         0         0         0         0         0         0
      6/24     4.79G   0.02382   0.03729   0.05139    0.1125        13       640         0         0         0         0         0         0         0
      7/24     4.79G   0.02102   0.03339   0.05143    0.1058        19       640         0         0         0         0         0         0         0
      8/24     4.79G   0.01949   0.02752   0.05144   0.09846        21       640         0         0         0         0         0         0         0
      9/24     4.79G   0.01785   0.02408   0.05143   0.09337        22       640         0         0         0         0         0         0         0
     10/24     4.79G   0.01587   0.02117    0.0514   0.08844        12       640         0         0         0         0         0         0         0
     11/24     4.79G   0.01424   0.01945   0.05138   0.08507        21       640         0         0         0         0         0         0         0
     12/24     4.79G    0.0129   0.01801   0.05136   0.08228        16       640         0         0         0         0         0         0         0
     13/24     4.79G   0.01185   0.01785   0.05139   0.08109        20       640         0         0         0         0         0         0         0
     14/24     4.79G   0.01185   0.01771   0.05138   0.08094        17       640         0         0         0         0         0         0         0
     15/24     4.79G   0.01058   0.01667   0.05137   0.07861        18       640         0         0         0         0         0         0         0
     16/24     4.79G  0.009875   0.01599   0.05138   0.07725        16       640         0         0         0         0         0         0         0
     17/24     4.79G  0.009415   0.01554   0.05137   0.07632        14       640         0         0         0         0         0         0         0
     18/24     4.79G  0.009124   0.01523   0.05136   0.07572        20       640         0         0         0         0         0         0         0
     19/24     4.79G  0.008653    0.0144   0.05136   0.07441        18       640         0         0         0         0         0         0         0
     20/24     4.79G  0.008371   0.01403   0.05135   0.07375        16       640         0         0         0         0         0         0         0
     21/24     4.79G   0.00813   0.01364   0.05135   0.07311        13       640         0         0         0         0         0         0         0
     22/24     4.79G  0.007851    0.0135   0.05136   0.07271        13       640         0         0         0         0         0         0         0
     23/24     4.79G  0.007575   0.01313   0.05134   0.07205        22       640         0         0         0         0         0         0         0
     24/24     4.79G  0.007493   0.01291   0.05135   0.07175        19       640    0.2003     0.994    0.2174    0.2146  0.004774    0.0104   0.05134
      0/24     4.79G   0.06507   0.03511   0.05426    0.1544        14       640         0         0         0         0         0         0         0
      1/24     4.79G   0.06269   0.03448   0.05349    0.1507        15       640         0         0         0         0         0         0         0
      2/24     4.79G   0.06165   0.03497   0.05341      0.15        15       640         0         0         0         0         0         0         0
      3/24     4.79G   0.05461    0.0363    0.0534    0.1443        16       640         0         0         0         0         0         0         0
      4/24     4.79G   0.03927   0.04166   0.05335    0.1343        12       640         0         0         0         0         0         0         0
      5/24     4.79G   0.03003   0.04286   0.05331    0.1262        15       640         0         0         0         0         0         0         0
      6/24     4.79G   0.02698   0.04156    0.0533    0.1218        19       640         0         0         0         0         0         0         0
      7/24     4.79G    0.0229   0.03706   0.05336    0.1133        12       640         0         0         0         0         0         0         0
      8/24     4.79G    0.0211   0.03119   0.05343    0.1057        18       640         0         0         0         0         0         0         0
      9/24     4.79G   0.01923   0.02671   0.05332   0.09926        13       640         0         0         0         0         0         0         0
     10/24     4.79G   0.01696   0.02379   0.05332   0.09407        19       640         0         0         0         0         0         0         0
     11/24     4.79G   0.01531   0.02166   0.05331   0.09028        16       640         0         0         0         0         0         0         0
     12/24     4.79G   0.01384   0.02033    0.0533   0.08747        12       640         0         0         0         0         0         0         0
     13/24     4.79G   0.01329   0.01987   0.05328   0.08645        19       640         0         0         0         0         0         0         0
     14/24     4.79G   0.01261   0.01958   0.05329   0.08548        24       640         0         0         0         0         0         0         0
     15/24     4.79G   0.01157    0.0185   0.05327   0.08334        14       640         0         0         0         0         0         0         0
     16/24     4.79G   0.01074   0.01797   0.05329   0.08199        21       640         0         0         0         0         0         0         0
     17/24     4.79G   0.01024    0.0173   0.05328   0.08082        16       640         0         0         0         0         0         0         0
     18/24     4.79G   0.00979   0.01693   0.05328   0.07999        12       640         0         0         0         0         0         0         0
     19/24     4.79G  0.009339   0.01655   0.05329   0.07917        17       640         0         0         0         0         0         0         0
     20/24     4.79G  0.009198   0.01608   0.05326   0.07853        17       640         0         0         0         0         0         0         0
     21/24     4.79G  0.008961   0.01585   0.05327   0.07808        12       640         0         0         0         0         0         0         0
     22/24     4.79G  0.008687   0.01558   0.05327   0.07754        18       640         0         0         0         0         0         0         0
     23/24     4.79G  0.008228   0.01488   0.05325   0.07636        19       640         0         0         0         0         0         0         0
     24/24     4.79G  0.008221   0.01479   0.05325   0.07626        20       640    0.2004    0.9942    0.2198    0.2164  0.005743    0.0125   0.05324
      0/24     4.79G   0.06468   0.04445   0.04725    0.1564        12       640         0         0         0         0         0         0         0
      1/24     4.79G   0.06201   0.04386   0.04635    0.1522        16       640         0         0         0         0         0         0         0
      2/24     4.79G    0.0587   0.04472   0.04635    0.1498        17       640         0         0         0         0         0         0         0
      3/24     4.79G   0.04982    0.0478   0.04627    0.1439        12       640         0         0         0         0         0         0         0
      4/24     4.79G    0.0353   0.05272   0.04623    0.1342        13       640         0         0         0         0         0         0         0
      5/24     4.79G    0.0279   0.05257   0.04622    0.1267        14       640         0         0         0         0         0         0         0
      6/24     4.79G    0.0243   0.04835   0.04625    0.1189        12       640         0         0         0         0         0         0         0
      7/24     4.79G   0.02228   0.03918   0.04625    0.1077        21       640         0         0         0         0         0         0         0
      8/24     4.79G   0.02004   0.03323   0.04621   0.09948        14       640         0         0         0         0         0         0         0
      9/24     4.79G   0.01848   0.03004   0.04619   0.09472        20       640         0         0         0         0         0         0         0
     10/24     4.79G   0.01648   0.02663   0.04619   0.08931        15       640         0         0         0         0         0         0         0
     11/24     4.79G   0.01523   0.02479   0.04618   0.08619        15       640         0         0         0         0         0         0         0
     12/24     4.79G     0.014    0.0238   0.04617   0.08397        14       640         0         0         0         0         0         0         0
     13/24     4.79G   0.01281   0.02263   0.04619   0.08163        22       640         0         0         0         0         0         0         0
     14/24     4.79G   0.01252   0.02258   0.04617   0.08127        20       640         0         0         0         0         0         0         0
     15/24     4.79G   0.01133   0.02113   0.04617   0.07863        22       640         0         0         0         0         0         0         0
     16/24     4.79G   0.01066   0.02007   0.04616   0.07688        19       640         0         0         0         0         0         0         0
     17/24     4.79G   0.01017   0.01958   0.04617   0.07591        15       640         0         0         0         0         0         0         0
     18/24     4.79G  0.009847   0.01909   0.04617   0.07511        12       640         0         0         0         0         0         0         0
     19/24     4.79G  0.008939   0.01794   0.04615   0.07303        15       640         0         0         0         0         0         0         0
     20/24     4.79G   0.00908    0.0183   0.04616   0.07354        12       640         0         0         0         0         0         0         0
     21/24     4.79G  0.008639   0.01794   0.04616   0.07273        27       640         0         0         0         0         0         0         0
     22/24     4.79G  0.008515    0.0179   0.04615   0.07256        20       640         0         0         0         0         0         0         0
     23/24     4.79G  0.008042   0.01734   0.04615   0.07153        21       640         0         0         0         0         0         0         0
     24/24     4.79G   0.00804    0.0172   0.04616   0.07139        18       640    0.2002    0.9979    0.2193     0.215  0.005327   0.01445   0.04613
      0/24     4.79G   0.06096   0.03474   0.05121    0.1469        18       640         0         0         0         0         0         0         0
      1/24     4.79G   0.05786   0.03389   0.05067    0.1424        18       640         0         0         0         0         0         0         0
      2/24     4.79G   0.05528   0.03477   0.05064    0.1407        15       640         0         0         0         0         0         0         0
      3/24     4.79G   0.04577   0.03704   0.05061    0.1334        14       640         0         0         0         0         0         0         0
      4/24     4.79G   0.03343   0.04171   0.05056    0.1257        24       640         0         0         0         0         0         0         0
      5/24     4.79G   0.02699   0.04277   0.05051    0.1203        15       640         0         0         0         0         0         0         0
      6/24     4.79G   0.02393   0.04201   0.05052    0.1165        19       640         0         0         0         0         0         0         0
      7/24     4.79G   0.02107   0.03695   0.05061    0.1086        17       640         0         0         0         0         0         0         0
      8/24     4.79G   0.01961     0.031   0.05057    0.1012        17       640         0         0         0         0         0         0         0
      9/24     4.79G   0.01821   0.02779   0.05053   0.09653        16       640         0         0         0         0         0         0         0
     10/24     4.79G   0.01638   0.02427   0.05051   0.09115        13       640         0         0         0         0         0         0         0
     11/24     4.79G   0.01496   0.02286   0.05049   0.08831        14       640         0         0         0         0         0         0         0
     12/24     4.79G    0.0137    0.0213   0.05051   0.08551        19       640         0         0         0         0         0         0         0
     13/24     4.79G   0.01268   0.02069    0.0505   0.08387        22       640         0         0         0         0         0         0         0
     14/24     4.79G    0.0122   0.02064    0.0505   0.08334        12       640         0         0         0         0         0         0         0
     15/24     4.79G   0.01132   0.01892   0.05049   0.08073        18       640         0         0         0         0         0         0         0
     16/24     4.79G    0.0107   0.01829    0.0505   0.07949        12       640         0         0         0         0         0         0         0
     17/24     4.79G   0.00994   0.01762   0.05049   0.07805        16       640         0         0         0         0         0         0         0
     18/24     4.79G  0.009938   0.01755   0.05049   0.07798        22       640         0         0         0         0         0         0         0
     19/24     4.79G  0.009081   0.01699   0.05048   0.07655        15       640         0         0         0         0         0         0         0
     20/24     4.79G  0.009074   0.01682   0.05047   0.07637        16       640         0         0         0         0         0         0         0
     21/24     4.79G  0.008473   0.01609   0.05047   0.07504        16       640         0         0         0         0         0         0         0
     22/24     4.79G  0.008438   0.01622   0.05047   0.07513        28       640         0         0         0         0         0         0         0
     23/24     4.79G  0.008297    0.0159   0.05046   0.07466        19       640         0         0         0         0         0         0         0
     24/24     4.79G  0.008182   0.01601   0.05047   0.07466        13       640       0.2    0.9964    0.2119     0.208  0.005096   0.01222   0.05045
      0/24     4.79G   0.07892    0.0375   0.05601    0.1724        15       640         0         0         0         0         0         0         0
      1/24     4.79G   0.07418   0.03679   0.05461    0.1656        17       640         0         0         0         0         0         0         0
      2/24     4.79G    0.0725   0.03727   0.05436    0.1641        15       640         0         0         0         0         0         0         0
      3/24     4.79G   0.06706   0.03862   0.05432      0.16        12       640         0         0         0         0         0         0         0
      4/24     4.79G   0.04925   0.04298   0.05435    0.1466        16       640         0         0         0         0         0         0         0
      5/24     4.79G   0.03535   0.04527   0.05424    0.1349        20       640         0         0         0         0         0         0         0
      6/24     4.79G   0.02991    0.0421   0.05423    0.1262        17       640         0         0         0         0         0         0         0
      7/24     4.79G   0.02508   0.03507   0.05431    0.1145        18       640         0         0         0         0         0         0         0
      8/24     4.79G   0.02139   0.02818   0.05425    0.1038        15       640         0         0         0         0         0         0         0
      9/24     4.79G   0.01852   0.02325   0.05424     0.096        12       640         0         0         0         0         0         0         0
     10/24     4.79G   0.01641   0.02161   0.05422   0.09224        13       640         0         0         0         0         0         0         0
     11/24     4.79G   0.01444   0.02015   0.05421    0.0888        16       640         0         0         0         0         0         0         0
     12/24     4.79G   0.01319    0.0188    0.0542   0.08619        12       640         0         0         0         0         0         0         0
     13/24     4.79G   0.01223    0.0179   0.05421   0.08433        12       640         0         0         0         0         0         0         0
     14/24     4.79G   0.01155   0.01768   0.05419   0.08342        17       640         0         0         0         0         0         0         0
     15/24     4.79G   0.01092   0.01662    0.0542   0.08175        17       640         0         0         0         0         0         0         0
     16/24     4.79G   0.01016   0.01573   0.05418   0.08008        22       640         0         0         0         0         0         0         0
     17/24     4.79G  0.009875   0.01515   0.05417    0.0792        12       640         0         0         0         0         0         0         0
     18/24     4.79G  0.009174   0.01418   0.05416   0.07751        13       640         0         0         0         0         0         0         0
     19/24     4.79G  0.009126   0.01425   0.05417   0.07755        12       640         0         0         0         0         0         0         0
     20/24     4.79G  0.008854   0.01372   0.05415   0.07673        14       640         0         0         0         0         0         0         0
     21/24     4.79G  0.008592    0.0135   0.05417   0.07627        17       640         0         0         0         0         0         0         0
     22/24     4.79G  0.008079   0.01286   0.05416    0.0751        14       640         0         0         0         0         0         0         0
     23/24     4.79G  0.008092   0.01311   0.05417   0.07538        16       640         0         0         0         0         0         0         0
     24/24     4.79G  0.008008   0.01259   0.05416   0.07476        12       640    0.2001    0.9971    0.2245    0.2212  0.004926   0.01246   0.05415
