     0/999    0.388G  0.009542   0.02122    0.0228   0.05356        12       640   0.01863    0.0178   0.04365   0.00858   0.00855   0.01368   0.02317
     1/999     4.82G  0.006936   0.01768   0.02268   0.04729        12       640   0.02523    0.1429   0.04456  0.009447  0.008509   0.01258   0.02337
     2/999     5.28G  0.006577   0.01715   0.02263   0.04636        12       640   0.07538    0.7269   0.08645   0.02628  0.007946    0.0119   0.02316
     3/999     5.28G  0.006467   0.01542   0.02262    0.0445        12       640   0.09567    0.3869   0.08836   0.03241  0.007854   0.01104   0.02321
     4/999     5.29G  0.006134   0.01297    0.0226    0.0417        12       640    0.1649     0.544    0.1609   0.09849  0.006852   0.01046    0.0233
     5/999     5.29G   0.00482  0.009199   0.02258    0.0366        12       640    0.1662    0.8723    0.1822    0.1089  0.005301  0.009467   0.02341
     6/999     5.29G  0.003388  0.005647   0.02252   0.03155        12       640       0.2    0.9728     0.227    0.1956  0.004215  0.006835   0.02343
     7/999     5.29G   0.00227  0.004087   0.02263   0.02898        12       640    0.2004     0.988     0.226    0.2041  0.004333  0.005774    0.0234
     8/999     5.29G  0.001879  0.003017    0.0224    0.0273        12       640    0.2063    0.9403    0.2344    0.2158  0.003964  0.005165   0.02327
     9/999     5.29G  0.001523  0.002466   0.02224   0.02623        12       640    0.2177    0.8568    0.2538    0.2415  0.003639  0.005718   0.02308
    10/999     5.29G  0.001421  0.002303   0.02201   0.02574        12       640    0.2184    0.8293     0.254    0.2401  0.003724  0.005985   0.02306
    11/999     5.29G  0.001352  0.002098   0.02181   0.02526        12       640    0.2216    0.8048    0.2511    0.2365  0.003699  0.007086   0.02336
    12/999     5.29G  0.001241  0.001968    0.0216    0.0248        12       640    0.2282    0.7781    0.2636      0.25  0.003536  0.007138   0.02314
    13/999     5.29G  0.001214   0.00193   0.02141   0.02455        12       640    0.2193    0.8726     0.259    0.2465  0.003733  0.006958   0.02347
    14/999     5.29G  0.001191  0.001881   0.02132   0.02439        12       640    0.2157    0.8941    0.2539    0.2416  0.003477  0.007682   0.02368
    15/999     5.29G  0.001148  0.001845   0.02113   0.02413        12       640    0.2186    0.8545    0.2582     0.245  0.003482  0.007822   0.02336
    16/999     5.29G  0.001141  0.001814     0.021   0.02395        12       640     0.226       0.8    0.2576    0.2397  0.003797  0.007971   0.02347
    17/999     5.29G  0.001108  0.001816   0.02087   0.02379        12       640     0.232    0.7775    0.2677    0.2504  0.003552    0.0072   0.02338
    18/999     5.29G  0.001099  0.001762    0.0207   0.02356        12       640    0.2332    0.8063    0.2674    0.2499  0.003536  0.007946   0.02348
    19/999     5.29G   0.00108   0.00176   0.02056    0.0234        12       640    0.2315    0.8466    0.2784    0.2597  0.003632   0.00774    0.0234
    20/999     5.29G  0.001104  0.001762   0.02032   0.02318        12       640     0.234    0.8068    0.2727    0.2565    0.0035  0.007385   0.02391
    21/999     5.29G  0.001095  0.001784   0.02015   0.02303        12       640    0.2471    0.7347    0.2805    0.2575  0.003778  0.006692   0.02321
    22/999     5.29G  0.001088   0.00176   0.02011   0.02296        12       640    0.2441    0.7717    0.2814    0.2602  0.003752  0.007092   0.02355
    23/999     5.29G  0.001064  0.001753   0.01973   0.02254        12       640    0.2555    0.7567    0.2983    0.2704  0.003783  0.007495   0.02336
    24/999     5.29G  0.001071  0.001736   0.01961   0.02242        12       640    0.2402    0.7749    0.2772     0.252  0.003776  0.006948   0.02376
    25/999     5.29G  0.001056  0.001745   0.01962   0.02242        12       640     0.247    0.7962    0.2919    0.2699  0.003728  0.006694   0.02379
    26/999     5.29G  0.001074    0.0017   0.01923     0.022        12       640    0.2517    0.7597    0.2888    0.2666  0.003602  0.006333   0.02443
    27/999     5.29G  0.001064  0.001742     0.019   0.02181        12       640    0.2546    0.7173    0.2974    0.2697  0.003814  0.007211   0.02392
    28/999     5.29G  0.001078   0.00173   0.01881   0.02162        12       640    0.2573    0.7501    0.3032     0.273  0.004013  0.006623   0.02426
    29/999     5.29G  0.001073  0.001736   0.01858   0.02139        12       640    0.2631    0.7185     0.303    0.2752  0.003912  0.006779   0.02406
    30/999     5.29G   0.00109  0.001744    0.0184   0.02124        12       640    0.2627    0.7064    0.3018    0.2731  0.003799  0.006432   0.02387
    31/999     5.29G  0.001082  0.001708   0.01811    0.0209        12       640    0.2687    0.6812    0.3017    0.2749   0.00378  0.006659   0.02406
    32/999     5.29G  0.001218  0.002022   0.01941   0.02265        12       640    0.2446    0.7885    0.2873    0.2631  0.003752  0.006154   0.02451
    33/999     5.29G  0.001115  0.002091   0.01935   0.02256        12       640    0.2423    0.8236    0.2809     0.258  0.003754  0.006108   0.02456
    34/999     5.29G  0.001138  0.001907   0.01836   0.02141        12       640    0.2412    0.8519    0.3011    0.2773  0.003869  0.007013   0.02435
    35/999     5.29G  0.001076  0.001792   0.01785   0.02071        12       640    0.2554    0.7476    0.2947    0.2665  0.003939   0.00716   0.02586
    36/999     5.29G  0.001062  0.001787   0.01751   0.02036        12       640    0.2678    0.7126    0.3092     0.285  0.004063  0.007139   0.02562
    37/999     5.29G  0.001077  0.001775   0.01717   0.02002        12       640    0.2569    0.7576    0.2969    0.2723  0.003821   0.00718   0.02586
    38/999     5.29G  0.001095  0.001744   0.01682   0.01966        12       640      0.25    0.7723    0.2919    0.2665  0.003959  0.006642   0.02575
    39/999     5.29G  0.001148  0.002078    0.0181   0.02133        12       640    0.2386    0.8073    0.2899    0.2631  0.003888  0.007068   0.02618
    40/999     5.29G  0.001082  0.001978   0.01744    0.0205        12       640    0.2787    0.6974    0.3054    0.2825  0.003873  0.005942   0.02407
    41/999     5.29G   0.00108  0.001856   0.01671   0.01965        12       640    0.2703    0.6906    0.3019    0.2736  0.004005  0.006048    0.0255
    42/999     5.29G  0.001092  0.001778   0.01623    0.0191        12       640    0.2571    0.7665    0.3003    0.2714  0.003909  0.006962   0.02661
    43/999     5.29G    0.0011  0.001753   0.01581   0.01866        12       640    0.2475    0.8298    0.2953    0.2686  0.003948  0.006957   0.02703
    44/999     5.29G  0.001096  0.001747   0.01571   0.01855        12       640    0.2577    0.7239    0.3015    0.2744  0.003973  0.006061   0.02648
    45/999     5.29G  0.001072   0.00172   0.01524   0.01803        12       640    0.2477    0.8296    0.2984     0.273  0.003804  0.006681   0.02793
    46/999     5.29G  0.001093  0.001698   0.01512   0.01791        12       640    0.2453    0.7851    0.2905    0.2635  0.003947  0.006709    0.0291
    47/999     5.29G   0.00112   0.00176   0.01461   0.01749        12       640    0.2394    0.8032    0.2871    0.2554  0.004126  0.006326    0.0306
    48/999     5.29G  0.001101  0.001712   0.01455   0.01736        12       640    0.2406    0.8031     0.284    0.2521  0.004264  0.007368   0.03038
    49/999     5.29G  0.001102  0.001729   0.01433   0.01716        12       640    0.2618    0.7442    0.2922    0.2617  0.004061  0.006443   0.02726
    50/999     5.29G  0.001113  0.001847   0.01518   0.01814        12       640     0.242     0.784    0.2811    0.2543   0.00402  0.006016   0.03316
    51/999     5.29G  0.001199  0.001747   0.01442   0.01737        12       640    0.2647    0.7597    0.3033    0.2753  0.003902    0.0064   0.02697
    52/999     5.29G  0.001092  0.001714   0.01404   0.01685        12       640    0.2499     0.798    0.2912    0.2623  0.003984  0.006033   0.02958
    53/999     5.29G  0.001108  0.001725   0.01365   0.01649        12       640    0.2475    0.8008    0.2934    0.2647   0.00396  0.006531   0.02929
    54/999     5.29G  0.001138  0.001739   0.01319   0.01606        12       640    0.2709     0.699    0.2948    0.2631  0.003987  0.005644   0.02802
    55/999     5.29G   0.00109  0.001702   0.01298   0.01578        12       640    0.2643    0.7188    0.2893    0.2593  0.004055  0.006973   0.03044
    56/999     5.29G  0.001128  0.001648   0.01227   0.01504        12       640    0.2442    0.7781    0.2926    0.2615  0.003943  0.006463   0.03052
    57/999     5.29G  0.001136  0.001669   0.01183   0.01463        12       640    0.2642    0.6941    0.2885     0.258  0.003925  0.006332   0.02977
    58/999     5.29G  0.001142  0.001692   0.01187   0.01471        12       640    0.2666    0.6613    0.2892    0.2589  0.004046  0.005996   0.03083
    59/999     5.29G  0.001131   0.00166   0.01157   0.01436        12       640    0.2522    0.7598    0.2892    0.2599  0.003962  0.006332   0.02987
    60/999     5.29G  0.001142  0.001661   0.01107   0.01387        12       640    0.2406    0.7387    0.2752    0.2406  0.004127  0.007562   0.03239
    61/999     5.29G  0.001131  0.001684   0.01136   0.01417        12       640    0.2463    0.7719    0.2856    0.2534  0.004052  0.006044   0.02814
    62/999     5.29G  0.001158   0.00176   0.01139   0.01431        12       640    0.2545    0.7127    0.2789    0.2469  0.003945  0.005962   0.02859
    63/999     5.29G  0.001146  0.001666   0.01061   0.01342        12       640    0.2505    0.7591    0.2804    0.2448  0.004058  0.006488   0.03044
    64/999     5.29G  0.001164  0.001755   0.01112   0.01403        12       640    0.2561    0.7377    0.2899    0.2554  0.004161  0.006361   0.02979
    65/999     5.29G  0.001182  0.001712   0.01103   0.01392        12       640    0.2425    0.8126    0.2831    0.2537  0.004042  0.006595   0.02967
    66/999     5.29G  0.001175  0.001674   0.01012   0.01297        12       640    0.2677    0.6586    0.2915    0.2549  0.004107  0.006639   0.02927
