     0/299    0.388G   0.04105   0.01598   0.03486    0.0919        16       640    0.1418    0.4539    0.1414   0.05682   0.01168  0.007597   0.01631
     1/299     4.82G   0.02119   0.01127   0.03219   0.06465        17       640    0.2017     0.977     0.226     0.182  0.006922  0.004556    0.0162
     2/299     5.28G   0.01837  0.006657   0.03219   0.05722        18       640    0.2036    0.9364    0.2411    0.2076  0.005755  0.003257   0.01617
     3/299     5.28G   0.01723  0.005415   0.03213   0.05477        17       640    0.2132    0.8183    0.2438     0.209  0.006423  0.002842   0.01623
     4/299     5.29G   0.01414  0.004816    0.0313   0.05026        13       640    0.2405     0.789    0.2749    0.2438  0.005485  0.002821   0.01606
     5/299     5.29G   0.01262  0.004192   0.03115   0.04796        21       640    0.2723    0.6901     0.302    0.2412  0.005989  0.002858   0.01562
     6/299     5.29G   0.01159  0.003947   0.03085   0.04638        15       640    0.2755    0.8309    0.3358    0.2969  0.005039  0.002704     0.015
     7/299     5.29G  0.009428   0.00348   0.02976   0.04266        12       640    0.3026    0.7975    0.3528    0.3338  0.003805  0.002616   0.01494
     8/299     5.29G  0.008957  0.003448   0.02946   0.04186        16       640    0.3214    0.7232    0.3572    0.3454  0.003737  0.002435   0.01475
     9/299     5.29G  0.008989   0.00333   0.02933   0.04165        18       640    0.3118    0.8131    0.3679    0.3555  0.003819  0.002366   0.01464
    10/299     5.29G  0.008077  0.003191   0.02914   0.04041        16       640    0.3244    0.8131    0.3845    0.3725  0.003305  0.002442   0.01437
    11/299     5.29G  0.007849  0.003015   0.02875   0.03962        15       640    0.3203     0.825    0.3855    0.3761  0.003284  0.002569   0.01435
    12/299     5.29G  0.007396  0.002788   0.02886   0.03905        16       640    0.3302     0.794    0.3919    0.3803  0.003378  0.002544   0.01435
    13/299     5.29G   0.00767   0.00288   0.02888   0.03943        21       640    0.3023    0.8159    0.3757    0.3643  0.003229  0.002227   0.01521
    14/299     5.29G  0.007141  0.002796   0.02834   0.03828        16       640    0.3397    0.7822    0.3929    0.3833  0.003092  0.002488   0.01426
    15/299     5.29G  0.007118  0.002598   0.02838    0.0381        15       640    0.3559    0.7755    0.4105    0.4001  0.003078  0.002196   0.01392
    16/299     5.29G  0.007045  0.002654    0.0284    0.0381        15       640    0.3452    0.7686    0.4021    0.3958  0.002931  0.002377   0.01415
    17/299     5.29G  0.007575  0.002573   0.02823   0.03838        22       640    0.3468    0.8013    0.4203    0.4135  0.002886  0.002225   0.01394
    18/299     5.29G  0.007376  0.002496   0.02869   0.03856        19       640    0.3555    0.7585    0.4176    0.4086  0.003001  0.002297   0.01404
    19/299     5.29G  0.007075  0.002546   0.02829   0.03791        18       640    0.3533    0.8208    0.4313    0.4206  0.002985    0.0022   0.01365
    20/299     5.29G  0.007375   0.00241   0.02827   0.03806        12       640    0.3809    0.7331    0.4312    0.4225  0.002943  0.002417   0.01367
    21/299     5.29G  0.006349  0.002431   0.02741   0.03619        14       640    0.3617    0.7759    0.4392    0.4277  0.002951  0.002199   0.01372
    22/299     5.29G   0.00655  0.002341   0.02791    0.0368        16       640    0.3694    0.7814    0.4493    0.4417  0.002878  0.002334    0.0136
    23/299     5.29G  0.006381  0.002301    0.0275   0.03618        16       640    0.3078    0.8234    0.4179     0.407   0.00302  0.002283   0.01494
    24/299     5.29G  0.006348  0.002219   0.02782   0.03638        12       640    0.3446    0.8005    0.4385      0.43   0.00276  0.002286   0.01382
    25/299     5.29G  0.006431  0.002244   0.02792    0.0366        16       640    0.3877    0.7358    0.4566     0.449  0.002852  0.002239   0.01345
    26/299     5.29G  0.006252  0.002322   0.02759   0.03617        16       640    0.3819    0.7584    0.4647    0.4568  0.002906  0.002303   0.01333
    27/299     5.29G  0.005714  0.002209   0.02779   0.03571        15       640    0.4011    0.7517    0.4633    0.4557  0.002685  0.002166   0.01329
    28/299     5.29G  0.006308  0.002241   0.02766   0.03621        12       640    0.4002    0.7428    0.4628    0.4549  0.002772  0.002446   0.01334
    29/299     5.29G  0.006189  0.002237   0.02734   0.03576        21       640    0.3745    0.7895    0.4745    0.4639  0.002687  0.002278   0.01328
    30/299     5.29G  0.006084   0.00216   0.02711   0.03535        12       640    0.4118    0.7173    0.4776    0.4691  0.002656  0.002495   0.01314
    31/299     5.29G   0.00592  0.002192   0.02703   0.03514        15       640    0.3672    0.7994    0.4752    0.4669  0.002668  0.002291   0.01352
    32/299     5.29G   0.00536  0.002141   0.02717   0.03467        19       640    0.4196    0.7421    0.4888    0.4808  0.002659  0.002495    0.0131
    33/299     5.29G  0.005952  0.002121    0.0276   0.03568        24       640    0.4119    0.7512    0.4971    0.4876  0.002621  0.002376   0.01302
    34/299     5.29G  0.005227  0.002125    0.0271   0.03445        15       640    0.3973     0.791    0.4942    0.4853  0.002687  0.002405   0.01295
    35/299     5.29G  0.005718   0.00209   0.02652   0.03432        16       640    0.4092    0.7593    0.5073    0.4984  0.002683  0.002313    0.0129
    36/299     5.29G  0.005246  0.002028   0.02672   0.03399        15       640    0.3975    0.7859       0.5    0.4922  0.002495  0.002276   0.01306
    37/299     5.29G  0.005716  0.002093   0.02665   0.03446        16       640    0.4087    0.7603    0.4984    0.4901  0.002606  0.002386   0.01323
    38/299     5.29G  0.005341  0.002104    0.0269   0.03435        19       640    0.4166    0.7597    0.5082    0.4998  0.002557  0.002436   0.01279
    39/299     5.29G  0.005719  0.001998   0.02671   0.03442        17       640    0.4339    0.7309    0.5002    0.4931  0.002695  0.002517   0.01298
    40/299     5.29G    0.0053  0.002057   0.02657   0.03393        14       640    0.4294    0.7377    0.5029    0.4952  0.002572  0.002466   0.01313
    41/299     5.29G  0.005884  0.002019   0.02641   0.03431        16       640    0.4132    0.7927    0.5132    0.5052  0.002513  0.002446   0.01272
    42/299     5.29G  0.005288  0.001978   0.02595   0.03322        14       640    0.4407    0.7453     0.514    0.5057  0.002482  0.002562   0.01255
    43/299     5.29G  0.005491   0.00207   0.02633   0.03389        14       640    0.4061    0.7806    0.5083    0.4998  0.002674  0.002358   0.01304
    44/299     5.29G  0.005274  0.002028   0.02682   0.03412        16       640    0.3749    0.8021    0.4926    0.4854  0.002532  0.002282   0.01311
    45/299     5.29G  0.005748  0.002012    0.0265   0.03426        18       640    0.4155    0.7665    0.5152    0.5072  0.002534  0.002397   0.01283
    46/299     5.29G  0.005984   0.00205   0.02643   0.03447        23       640    0.4255    0.7586    0.5157    0.5051  0.002766  0.002512   0.01295
    47/299     5.29G  0.005034  0.001918   0.02582   0.03277        22       640    0.4232     0.768    0.5176    0.5093  0.002614   0.00251   0.01275
    48/299     5.29G  0.005214   0.00199   0.02613   0.03333        19       640    0.4323    0.7596    0.5244    0.5169  0.002579  0.002447    0.0129
    49/299     5.29G  0.004868  0.001981    0.0257   0.03255        13       640    0.4393    0.7645     0.525    0.5172  0.002518  0.002488   0.01251
    50/299     5.29G  0.005121  0.001882    0.0259    0.0329        13       640    0.3932    0.8013    0.5049    0.4972  0.002483  0.002468   0.01299
    51/299     5.29G  0.005042  0.001874   0.02553   0.03244        17       640    0.4336    0.7444    0.5055    0.4978  0.002496  0.002487   0.01298
    52/299     5.29G   0.00553  0.001958   0.02642   0.03391        16       640    0.4372    0.7666    0.5156    0.5079   0.00247  0.002486   0.01265
    53/299     5.29G  0.004855  0.001941   0.02603   0.03282        15       640    0.4187    0.7887    0.5258    0.5177  0.002442  0.002556   0.01268
    54/299     5.29G  0.004914  0.001886   0.02559   0.03239        13       640    0.4311    0.7921    0.5275    0.5185   0.00249   0.00249   0.01257
    55/299     5.29G  0.005145  0.001946   0.02585   0.03294        16       640    0.4239    0.7921    0.5286    0.5208  0.002453   0.00244   0.01249
    56/299     5.29G   0.00503  0.001861   0.02612   0.03301        15       640    0.4401    0.7613    0.5243    0.5158   0.00243  0.002451   0.01258
    57/299     5.29G  0.004531   0.00183    0.0255   0.03187        24       640    0.4289    0.7877     0.528    0.5198  0.002502   0.00255   0.01261
    58/299     5.29G  0.004903  0.001928   0.02598   0.03282        17       640     0.439    0.7599    0.5254    0.5166  0.002476  0.002509    0.0126
    59/299     5.29G   0.00483  0.001829   0.02512   0.03178        14       640    0.4428    0.7658     0.537    0.5291    0.0025  0.002459   0.01245
    60/299     5.29G  0.004438  0.001821   0.02547   0.03173        17       640    0.4447     0.756    0.5337    0.5251  0.002329  0.002592   0.01259
    61/299     5.29G  0.004124   0.00182   0.02583   0.03178        14       640    0.4563    0.7461    0.5274    0.5186  0.002424  0.002615   0.01253
    62/299     5.29G  0.004821  0.001915   0.02597    0.0327        17       640    0.4696    0.7126    0.5329    0.5244  0.002406  0.002473   0.01238
    63/299     5.29G  0.004955   0.00177   0.02481   0.03154        14       640    0.4264    0.8027    0.5321     0.524  0.002452  0.002519   0.01243
    64/299     5.29G  0.005012  0.001816    0.0256   0.03243        16       640    0.4395    0.7653    0.5324    0.5242  0.002447  0.002575   0.01244
    65/299     5.29G  0.004893  0.001784   0.02537   0.03205        12       640    0.4487    0.7675    0.5413     0.533  0.002382  0.002619   0.01222
    66/299     5.29G  0.004718   0.00178   0.02542   0.03192        15       640    0.4583    0.7691     0.542     0.534  0.002375  0.002566   0.01232
    67/299     5.29G  0.004453  0.001857   0.02536   0.03167        20       640    0.4416    0.7795    0.5365    0.5281  0.002325  0.002664   0.01229
    68/299     5.29G  0.004756  0.001795   0.02518   0.03173        20       640    0.4532     0.745    0.5332    0.5256  0.002368  0.002563   0.01235
    69/299     5.29G  0.004425  0.001793   0.02519   0.03141        13       640    0.4631    0.7244    0.5443    0.5364  0.002392    0.0027   0.01239
    70/299     5.29G  0.004794   0.00178   0.02537   0.03194        17       640     0.441    0.8042    0.5455    0.5373  0.002432  0.002804   0.01235
    71/299     5.29G  0.004291  0.001771   0.02556   0.03163        24       640    0.4645    0.7353    0.5462    0.5381  0.002436  0.002727   0.01239
    72/299     5.29G  0.004518  0.001773   0.02541    0.0317        18       640    0.4314    0.8078    0.5463    0.5382   0.00238   0.00269   0.01238
    73/299     5.29G  0.004534  0.001785   0.02524   0.03156        21       640    0.4564    0.7696    0.5572    0.5492  0.002313  0.002713   0.01225
    74/299     5.29G  0.004602  0.001753   0.02553   0.03189        13       640    0.4433    0.7764    0.5445    0.5366  0.002334  0.002706   0.01232
    75/299     5.29G  0.004357  0.001724   0.02464   0.03072        12       640    0.4451    0.7686    0.5449    0.5369  0.002369  0.002697    0.0123
    76/299     5.29G  0.004125  0.001732   0.02521   0.03107        19       640    0.4347    0.8057     0.546    0.5381  0.002335  0.002695   0.01234
    77/299     5.29G   0.00444  0.001801    0.0253   0.03154        21       640    0.4556    0.7721    0.5467    0.5389  0.002349  0.002621   0.01212
    78/299     5.29G  0.004665  0.001767   0.02559   0.03202        12       640    0.4466    0.7931    0.5523    0.5444  0.002269  0.002704    0.0121
    79/299     5.29G  0.004198  0.001739   0.02484   0.03078        15       640    0.4765    0.7461    0.5488      0.54  0.002303  0.002805   0.01219
    80/299     5.29G  0.004325  0.001728   0.02553   0.03158        15       640    0.4657    0.7648    0.5512     0.543  0.002303  0.002684   0.01208
    81/299     5.29G  0.004704  0.001729   0.02603   0.03246        19       640    0.4695    0.7617    0.5524    0.5445  0.002289  0.002634   0.01219
    82/299     5.29G   0.00474  0.001703   0.02532   0.03176        12       640    0.4517    0.7688    0.5476    0.5397   0.00231  0.002795   0.01225
    83/299     5.29G  0.004431  0.001728     0.025   0.03116        12       640    0.4792    0.7043    0.5495    0.5415  0.002334  0.002804   0.01224
    84/299     5.29G  0.004301  0.001644   0.02538   0.03133        18       640      0.47    0.7387    0.5509     0.543  0.002296  0.002764   0.01207
    85/299     5.29G  0.004563  0.001728   0.02498   0.03127        18       640    0.4526    0.8077    0.5589    0.5505  0.002326   0.00284   0.01203
    86/299     5.29G  0.004057  0.001727   0.02541   0.03119        12       640     0.463     0.775    0.5564    0.5481  0.002324  0.002776   0.01204
    87/299     5.29G  0.004211  0.001665   0.02509   0.03096        14       640    0.4789    0.7301    0.5612    0.5533   0.00232  0.002782   0.01194
    88/299     5.29G  0.004445  0.001666   0.02483   0.03094        15       640    0.4704    0.7744    0.5614    0.5534   0.00229  0.002826   0.01206
    89/299     5.29G   0.00419   0.00177   0.02552   0.03148        21       640    0.5001    0.6942    0.5593    0.5506  0.002303  0.002852   0.01204
    90/299     5.29G   0.00433  0.001663   0.02477   0.03077        13       640    0.4856    0.7333    0.5588    0.5507  0.002298  0.002845   0.01207
    91/299     5.29G  0.004012  0.001691    0.0246   0.03031        23       640    0.4793    0.7167    0.5547    0.5463  0.002323  0.002836   0.01207
    92/299     5.29G  0.004268  0.001709   0.02487   0.03085        24       640    0.4808    0.7441    0.5583    0.5502  0.002269  0.002773   0.01203
    93/299     5.29G  0.004185  0.001656   0.02513   0.03097        14       640    0.4548    0.7997    0.5617    0.5535  0.002265  0.002788   0.01195
    94/299     5.29G  0.004238  0.001681   0.02491   0.03083        20       640    0.4509    0.8049     0.561    0.5533  0.002252  0.002852   0.01192
    95/299     5.29G  0.004308  0.001691   0.02531   0.03131        21       640    0.4566     0.789    0.5621    0.5543  0.002208  0.002805   0.01195
    96/299     5.29G  0.003832  0.001699   0.02467   0.03021        24       640    0.4615    0.7723    0.5617    0.5538  0.002241  0.002739    0.0119
    97/299     5.29G  0.004087  0.001544   0.02441   0.03004        12       640    0.4714    0.7619      0.56    0.5525  0.002188  0.002811    0.0119
    98/299     5.29G  0.003944  0.001577   0.02463   0.03015        16       640    0.4767    0.7629    0.5673    0.5599  0.002205   0.00286   0.01186
    99/299     5.29G  0.004426  0.001607    0.0249   0.03093        15       640    0.4701    0.7751    0.5686    0.5607  0.002193  0.002871   0.01184
   100/299     5.29G  0.004473  0.001593   0.02492   0.03099        17       640    0.4823    0.7346    0.5643    0.5567  0.002206    0.0029   0.01188
   101/299     5.29G  0.004008  0.001602   0.02486   0.03047        13       640    0.4722    0.7614    0.5628    0.5549   0.00218  0.002848   0.01187
   102/299     5.29G  0.004029  0.001596   0.02421   0.02984        12       640    0.4757    0.7395    0.5606    0.5527  0.002193  0.002872   0.01191
   103/299     5.29G  0.004083  0.001683   0.02464   0.03041        24       640    0.5035    0.7024    0.5634    0.5555  0.002218  0.002891   0.01186
   104/299     5.29G  0.003928  0.001644   0.02453    0.0301        15       640    0.4789    0.7539    0.5637    0.5558  0.002227  0.002879   0.01183
   105/299     5.29G  0.003924  0.001579   0.02464   0.03014        12       640    0.4893    0.7431    0.5675    0.5596  0.002227  0.002902   0.01183
   106/299     5.29G  0.004207  0.001605   0.02551   0.03132        21       640     0.471    0.7751    0.5684    0.5605  0.002204  0.002862   0.01185
   107/299     5.29G  0.004023  0.001603   0.02445   0.03008        19       640    0.4705     0.778    0.5704    0.5626  0.002207  0.002886   0.01182
   108/299     5.29G  0.003867  0.001602   0.02462   0.03009        16       640    0.4794    0.7802    0.5726    0.5651  0.002201   0.00289   0.01182
   109/299     5.29G  0.004014  0.001595   0.02504   0.03065        18       640    0.4688    0.7891    0.5736    0.5656  0.002196  0.002912   0.01185
   110/299     5.29G  0.004015  0.001619   0.02482   0.03045        21       640    0.4658    0.8034    0.5714     0.564  0.002175  0.002896    0.0118
   111/299     5.29G  0.003479   0.00157   0.02449   0.02954        14       640    0.4774    0.7733    0.5745    0.5668  0.002172  0.002931   0.01178
   112/299     5.29G   0.00402  0.001584   0.02477   0.03037        16       640    0.4657    0.8093     0.576    0.5682  0.002171  0.002935   0.01178
   113/299     5.29G  0.003801  0.001566   0.02465   0.03001        17       640    0.4664    0.8058    0.5728    0.5654  0.002184   0.00293   0.01178
   114/299     5.29G  0.003899  0.001629   0.02473   0.03026        12       640    0.4731    0.7876    0.5723    0.5647  0.002181   0.00293   0.01181
   115/299     5.29G  0.003975  0.001639   0.02478   0.03039        21       640    0.4674    0.7927    0.5746    0.5669   0.00218   0.00292    0.0118
   116/299     5.29G  0.003848   0.00153   0.02447   0.02985        17       640    0.4691    0.7921    0.5756    0.5678  0.002179  0.002941   0.01182
   117/299     5.29G  0.003837  0.001603   0.02438   0.02982        17       640    0.4743    0.7843    0.5743    0.5662  0.002172  0.002972   0.01181
   118/299     5.29G  0.003835  0.001592   0.02466   0.03009        12       640    0.4724    0.7842    0.5745    0.5666  0.002178  0.002947   0.01183
   119/299     5.29G  0.003891  0.001556    0.0242   0.02964        13       640    0.4703    0.7872    0.5758    0.5679   0.00218  0.002936   0.01184
   120/299     5.29G  0.003636  0.001555   0.02486   0.03005        12       640    0.4777     0.773     0.577    0.5688   0.00218  0.002949   0.01185
   121/299     5.29G  0.003498  0.001544    0.0244   0.02944        17       640     0.491    0.7522    0.5745    0.5663  0.002178   0.00294   0.01185
   122/299     5.29G  0.003514  0.001502   0.02451   0.02953        16       640    0.4612    0.8073    0.5765    0.5686  0.002161  0.002969   0.01182
   123/299     5.29G  0.003789  0.001571   0.02485   0.03021        17       640    0.4824     0.763    0.5764    0.5686  0.002154  0.002992    0.0118
   124/299     5.29G  0.004029  0.001541   0.02424   0.02981        16       640    0.4828    0.7644    0.5767    0.5692  0.002162  0.003002   0.01179
   125/299     5.29G   0.00366  0.001556    0.0249   0.03011        17       640    0.4691    0.7948     0.575    0.5675  0.002153  0.002991   0.01179
   126/299     5.29G  0.003762  0.001484   0.02452   0.02977        13       640    0.4706    0.7916    0.5761    0.5683   0.00216  0.002991   0.01175
   127/299     5.29G  0.003646   0.00146   0.02405   0.02916        16       640    0.4724    0.7819    0.5768    0.5689  0.002167  0.002981   0.01177
   128/299     5.29G   0.00346  0.001499   0.02423   0.02919        21       640    0.4772    0.7721     0.577    0.5691  0.002172  0.002994   0.01175
   129/299     5.29G  0.004143  0.001556   0.02453   0.03023        19       640    0.4823    0.7596    0.5766    0.5684  0.002172  0.003008   0.01172
   130/299     5.29G  0.003491  0.001512    0.0244    0.0294        15       640    0.4819    0.7691    0.5748    0.5666  0.002169  0.003042   0.01171
   131/299     5.29G  0.003599  0.001546   0.02429   0.02943        21       640    0.4622    0.8185    0.5753     0.567  0.002169  0.003042   0.01168
   132/299     5.29G  0.003725  0.001492   0.02427   0.02949        13       640    0.4752    0.7798     0.574    0.5657  0.002167  0.003045   0.01168
   133/299     5.29G  0.004107  0.001503   0.02474   0.03035        16       640    0.4569    0.8262    0.5745    0.5663  0.002168  0.003036   0.01167
   134/299     5.29G  0.003548  0.001443   0.02371    0.0287        12       640    0.4606     0.824     0.576    0.5676  0.002159  0.003049   0.01165
   135/299     5.29G  0.003959  0.001473   0.02483   0.03026        19       640    0.4628    0.8236    0.5774    0.5691  0.002157   0.00307   0.01166
   136/299     5.29G  0.004064  0.001519   0.02413   0.02971        13       640    0.4798    0.7848    0.5786    0.5705  0.002159  0.003069   0.01166
   137/299     5.29G  0.003638  0.001462   0.02383   0.02893        13       640    0.4726    0.8021    0.5801    0.5722  0.002151  0.003075   0.01166
   138/299     5.29G  0.004284  0.001529   0.02451   0.03033        13       640    0.4678    0.8132    0.5807    0.5727  0.002149  0.003083   0.01165
   139/299     5.29G  0.003854  0.001483   0.02472   0.03005        24       640    0.4819    0.7858    0.5796     0.572  0.002147  0.003071   0.01166
   140/299     5.29G  0.003277  0.001513   0.02414   0.02893        25       640    0.4754       0.8    0.5791    0.5717  0.002149  0.003056   0.01166
   141/299     5.29G  0.003851  0.001491   0.02457   0.02992        17       640    0.4679    0.8144    0.5786    0.5712  0.002153  0.003072   0.01165
   142/299     5.29G  0.003395  0.001472   0.02346   0.02832        15       640    0.4677    0.8199    0.5803    0.5728  0.002152  0.003082   0.01164
   143/299     5.29G  0.003622  0.001542   0.02442   0.02958        14       640    0.4665     0.826    0.5809    0.5731  0.002146  0.003091   0.01162
   144/299     5.29G  0.004021    0.0015   0.02397   0.02949        19       640    0.5021    0.7399    0.5813    0.5736  0.002142  0.003097   0.01161
   145/299     5.29G  0.003679  0.001487   0.02366   0.02883        18       640    0.5022    0.7426    0.5816     0.574  0.002139  0.003111    0.0116
   146/299     5.29G  0.003436  0.001463   0.02399   0.02889        24       640    0.4821    0.7878    0.5826    0.5747  0.002133  0.003109   0.01159
   147/299     5.29G  0.003596  0.001419   0.02327   0.02828        14       640    0.4914    0.7697     0.583     0.575  0.002133  0.003134   0.01157
   148/299     5.29G  0.003098  0.001444   0.02372   0.02826        17       640    0.5021    0.7469    0.5824    0.5742  0.002128  0.003127   0.01157
   149/299     5.29G  0.003279  0.001436   0.02358    0.0283        15       640    0.4984    0.7476    0.5833    0.5751  0.002124  0.003138   0.01157
   150/299     5.29G  0.003681  0.001551   0.02422   0.02945        13       640     0.485    0.7815     0.584    0.5759  0.002122  0.003122   0.01157
   151/299     5.29G  0.003158  0.001428   0.02367   0.02826        15       640    0.4902    0.7674    0.5838    0.5758   0.00212  0.003118   0.01157
   152/299     5.29G  0.003252  0.001399   0.02375    0.0284        16       640    0.4843    0.7825    0.5845    0.5766  0.002119  0.003125   0.01157
   153/299     5.29G  0.003519  0.001472   0.02402   0.02901        22       640    0.4856    0.7745    0.5853    0.5772  0.002119  0.003134   0.01157
   154/299     5.29G   0.00342  0.001443    0.0237   0.02856        16       640    0.4773    0.7948    0.5854    0.5775  0.002122  0.003135   0.01156
   155/299     5.29G  0.003631  0.001471    0.0237    0.0288        12       640    0.4751    0.7989    0.5861    0.5779  0.002124  0.003133   0.01156
   156/299     5.29G  0.002991  0.001397    0.0234   0.02779        17       640     0.471    0.8122    0.5855    0.5772  0.002119  0.003136   0.01156
   157/299     5.29G  0.003169  0.001396   0.02361   0.02817        25       640     0.476    0.7997    0.5855    0.5775  0.002117  0.003139   0.01157
   158/299     5.29G    0.0034  0.001452   0.02409   0.02894        17       640    0.4731    0.8087    0.5855    0.5773  0.002117  0.003133   0.01157
   159/299     5.29G  0.003464  0.001453   0.02373   0.02865        18       640    0.4657    0.8279    0.5849    0.5767  0.002115  0.003135   0.01157
   160/299     5.29G  0.003261  0.001402   0.02389   0.02855        15       640    0.4716    0.8105    0.5855    0.5775  0.002113  0.003141   0.01156
   161/299     5.29G  0.003332  0.001457   0.02444   0.02923        20       640    0.4676    0.8223    0.5857    0.5779  0.002113  0.003143   0.01156
   162/299     5.29G  0.003219  0.001444   0.02354    0.0282        15       640    0.4697    0.8173    0.5858     0.578  0.002112  0.003144   0.01155
   163/299     5.29G  0.003459  0.001446   0.02417   0.02908        16       640    0.4885    0.7674    0.5849    0.5773  0.002111  0.003147   0.01155
   164/299     5.29G  0.003192  0.001389   0.02339   0.02797        14       640    0.4704    0.8115    0.5845    0.5769  0.002112  0.003152   0.01155
   165/299     5.29G  0.002928  0.001362   0.02346   0.02775        15       640    0.4712     0.814    0.5842    0.5766  0.002112  0.003155   0.01155
   166/299     5.29G  0.003405  0.001407   0.02379    0.0286        12       640    0.4712    0.8131    0.5843    0.5768  0.002113  0.003157   0.01155
   167/299     5.29G  0.003343  0.001451    0.0236   0.02839        16       640    0.4708    0.8128    0.5846    0.5771  0.002113  0.003154   0.01155
   168/299     5.29G  0.003139   0.00134    0.0229   0.02738        12       640    0.4951    0.7553    0.5844    0.5768  0.002113  0.003161   0.01155
   169/299     5.29G  0.003592   0.00141   0.02381   0.02882        18       640    0.4975    0.7529    0.5847    0.5772  0.002111  0.003162   0.01154
   170/299     5.29G  0.002958  0.001345   0.02338   0.02768        16       640     0.495    0.7592    0.5852    0.5777  0.002109  0.003168   0.01155
   171/299     5.29G  0.003156  0.001416    0.0237   0.02827        19       640    0.4929    0.7651    0.5847    0.5771  0.002108  0.003172   0.01154
   172/299     5.29G  0.003358  0.001381   0.02325   0.02799        14       640    0.4928     0.766    0.5849    0.5773  0.002105  0.003173   0.01154
   173/299     5.29G  0.003316    0.0014   0.02359   0.02831        15       640    0.4947    0.7618     0.585    0.5774  0.002106  0.003175   0.01154
   174/299     5.29G  0.002906   0.00133   0.02309   0.02733        19       640    0.4933    0.7644    0.5851    0.5776  0.002106  0.003174   0.01155
   175/299     5.29G  0.003666  0.001373   0.02359   0.02863        22       640    0.4907    0.7738    0.5851    0.5773  0.002103  0.003181   0.01155
   176/299     5.29G  0.003407  0.001401   0.02379    0.0286        18       640    0.4962    0.7607    0.5852    0.5776  0.002105  0.003182   0.01155
   177/299     5.29G  0.003011  0.001366   0.02281   0.02718        16       640     0.496    0.7602    0.5853    0.5777  0.002105  0.003188   0.01155
   178/299     5.29G  0.002985  0.001395   0.02326   0.02764        13       640    0.4942    0.7657    0.5855    0.5778  0.002106  0.003193   0.01154
   179/299     5.29G  0.003807  0.001421   0.02411   0.02934        20       640    0.4945    0.7665    0.5857    0.5781  0.002105  0.003194   0.01154
   180/299     5.29G  0.003229  0.001326   0.02334    0.0279        22       640    0.4943    0.7674    0.5858    0.5781  0.002107  0.003198   0.01154
   181/299     5.29G  0.003287  0.001336   0.02369   0.02832        16       640    0.4886    0.7801    0.5855    0.5778  0.002107  0.003202   0.01154
   182/299     5.29G  0.003421   0.00139   0.02354   0.02836        13       640    0.4865     0.786    0.5853    0.5777   0.00211  0.003204   0.01154
   183/299     5.29G  0.003091   0.00139   0.02373   0.02822        17       640    0.4965    0.7619    0.5853    0.5776   0.00211  0.003208   0.01154
   184/299     5.29G  0.002897  0.001349   0.02334   0.02759        16       640    0.4992    0.7553    0.5855    0.5779  0.002113  0.003211   0.01154
   185/299     5.29G  0.002808  0.001376   0.02321    0.0274        14       640    0.4967    0.7664    0.5853    0.5776  0.002115  0.003215   0.01154
   186/299     5.29G  0.003397  0.001401   0.02391    0.0287        15       640    0.4992    0.7628    0.5857    0.5779  0.002114  0.003217   0.01155
   187/299     5.29G   0.00326  0.001361   0.02335   0.02797        18       640    0.4981    0.7638    0.5854    0.5777  0.002115  0.003219   0.01155
   188/299     5.29G  0.003275   0.00138    0.0229   0.02756        15       640    0.4965    0.7677    0.5853    0.5776  0.002117  0.003222   0.01155
   189/299     5.29G   0.00339  0.001332   0.02363   0.02835        27       640     0.497     0.767    0.5862    0.5785  0.002115  0.003228   0.01155
   190/299     5.29G  0.003181  0.001361   0.02342   0.02796        15       640    0.4953    0.7707    0.5855    0.5779  0.002117  0.003232   0.01154
   191/299     5.29G  0.002937  0.001346   0.02298   0.02726        21       640    0.4962    0.7701    0.5851    0.5776  0.002118  0.003235   0.01154
   192/299     5.29G  0.003068   0.00131   0.02315   0.02753        18       640    0.4984    0.7682    0.5847     0.577  0.002122  0.003239   0.01154
   193/299     5.29G  0.003007   0.00139    0.0235    0.0279        15       640    0.4977    0.7682    0.5846    0.5769  0.002123  0.003245   0.01154
   194/299     5.29G  0.002873  0.001372   0.02337   0.02762        12       640    0.4976    0.7694    0.5851    0.5774  0.002122  0.003248   0.01154
   195/299     5.29G  0.002793  0.001289     0.023   0.02708        19       640    0.4982    0.7678    0.5849    0.5772  0.002123  0.003252   0.01153
   196/299     5.29G   0.00306  0.001306   0.02317   0.02753        15       640    0.5048    0.7539    0.5847     0.577  0.002127  0.003253   0.01153
   197/299     5.29G  0.002814  0.001281   0.02301    0.0271        16       640    0.5063    0.7523    0.5852    0.5775   0.00213  0.003259   0.01152
   198/299     5.29G  0.002819  0.001332   0.02254   0.02669        12       640    0.5062     0.757    0.5844    0.5768  0.002133  0.003266   0.01152
   199/299     5.29G  0.003367  0.001339    0.0237    0.0284        15       640    0.5069     0.757    0.5844    0.5768  0.002137  0.003272   0.01152
   200/299     5.29G  0.003029  0.001335   0.02282   0.02719        14       640    0.5062    0.7555    0.5844    0.5768   0.00214  0.003274   0.01152
   201/299     5.29G  0.003019  0.001308   0.02272   0.02704        13       640    0.5021    0.7675    0.5847    0.5771  0.002142  0.003278   0.01151
   202/299     5.29G   0.00305  0.001352   0.02302   0.02743        20       640    0.5071    0.7555    0.5849    0.5773  0.002144  0.003282   0.01151
   203/299     5.29G  0.002854  0.001299   0.02311   0.02726        18       640    0.5032    0.7682     0.585    0.5773  0.002141  0.003285    0.0115
   204/299     5.29G  0.002974  0.001331   0.02333   0.02764        15       640    0.5041    0.7667    0.5853    0.5776  0.002143  0.003291    0.0115
   205/299     5.29G  0.003053  0.001302   0.02297   0.02733        22       640    0.5048    0.7668    0.5854    0.5776  0.002146  0.003295    0.0115
   206/299     5.29G  0.002868  0.001362   0.02333   0.02756        20       640    0.5044    0.7699    0.5856    0.5779  0.002146  0.003298    0.0115
   207/299     5.29G  0.002853  0.001332    0.0229   0.02709        18       640     0.503    0.7705    0.5859    0.5781  0.002148  0.003306   0.01149
   208/299     5.29G  0.002835  0.001293   0.02297    0.0271        17       640    0.5007    0.7763    0.5863    0.5786   0.00215   0.00331   0.01149
   209/299     5.29G  0.003207  0.001371   0.02316   0.02774        24       640     0.502    0.7757    0.5868    0.5789  0.002153  0.003315   0.01149
   210/299     5.29G  0.002995  0.001272   0.02291   0.02718        19       640    0.5042    0.7726    0.5867    0.5788  0.002155  0.003319   0.01149
   211/299     5.29G  0.002819  0.001294   0.02285   0.02696        12       640    0.5055     0.769    0.5869    0.5792  0.002157   0.00332   0.01149
   212/299     5.29G  0.003139  0.001267   0.02286   0.02726        18       640    0.5047    0.7725    0.5867    0.5788  0.002159  0.003326   0.01149
   213/299     5.29G  0.002866  0.001282   0.02245    0.0266        13       640    0.5072    0.7675    0.5872    0.5792  0.002162   0.00333   0.01149
   214/299     5.29G  0.003034  0.001298   0.02298   0.02732        12       640    0.5054    0.7744    0.5875    0.5794  0.002167  0.003334   0.01149
   215/299     5.29G  0.003071  0.001276   0.02351   0.02785        21       640    0.5065    0.7746    0.5872    0.5792   0.00217  0.003338   0.01149
   216/299     5.29G  0.002686  0.001325   0.02269    0.0267        12       640    0.5051    0.7759    0.5878    0.5796  0.002174  0.003342   0.01149
   217/299     5.29G   0.00295  0.001314   0.02327   0.02753        12       640    0.5029     0.782    0.5883    0.5801   0.00218  0.003342   0.01149
   218/299     5.29G  0.002801  0.001302   0.02303   0.02713        22       640     0.507     0.768    0.5883    0.5802  0.002184  0.003346   0.01149
   219/299     5.29G  0.002805  0.001315   0.02306   0.02718        17       640    0.5084    0.7664    0.5888    0.5806  0.002184   0.00335   0.01149
   220/299     5.29G  0.002708  0.001314   0.02302   0.02704        16       640    0.5094    0.7651    0.5888    0.5805  0.002184  0.003357   0.01149
   221/299     5.29G  0.002622  0.001238   0.02229   0.02615        20       640    0.5067    0.7722    0.5888    0.5806  0.002189  0.003361   0.01149
   222/299     5.29G  0.002662  0.001311   0.02231   0.02628        13       640    0.5102    0.7623    0.5889    0.5806  0.002194  0.003363   0.01149
   223/299     5.29G  0.002788  0.001267   0.02236   0.02642        18       640    0.5081    0.7686    0.5886    0.5803    0.0022  0.003368   0.01149
   224/299     5.29G  0.002941  0.001272   0.02266   0.02687        15       640    0.5038    0.7801    0.5891    0.5807  0.002205  0.003374   0.01149
   225/299     5.29G  0.002892  0.001292   0.02266   0.02684        15       640    0.5049    0.7774    0.5893     0.581  0.002211   0.00338   0.01149
   226/299     5.29G   0.00273  0.001312   0.02304   0.02708        14       640    0.5045    0.7774    0.5895    0.5809  0.002219  0.003388   0.01149
   227/299     5.29G  0.002663  0.001301   0.02328   0.02724        16       640    0.5043    0.7812    0.5892    0.5805  0.002225  0.003396   0.01149
   228/299     5.29G  0.002558  0.001303   0.02274   0.02661        16       640    0.5083    0.7679    0.5894    0.5808   0.00223  0.003402   0.01149
   229/299     5.29G   0.00281  0.001264   0.02293   0.02701        13       640    0.5052    0.7769    0.5894    0.5807  0.002238  0.003408   0.01149
   230/299     5.29G  0.002751  0.001305   0.02244    0.0265        14       640    0.5082    0.7691    0.5894    0.5806  0.002246  0.003415    0.0115
   231/299     5.29G   0.00271  0.001283    0.0229    0.0269        16       640    0.5081    0.7706    0.5898    0.5812  0.002253  0.003421   0.01149
   232/299     5.29G  0.003215  0.001303   0.02258    0.0271        21       640    0.5079    0.7701    0.5899    0.5811  0.002258  0.003426    0.0115
   233/299     5.29G  0.002521  0.001244   0.02243   0.02619        14       640     0.509    0.7681    0.5898    0.5808  0.002264  0.003434    0.0115
   234/299     5.29G  0.002876  0.001222   0.02213   0.02623        18       640    0.5082    0.7707    0.5901    0.5812  0.002269  0.003439    0.0115
   235/299     5.29G  0.002814  0.001345    0.0229   0.02706        24       640    0.5091    0.7673    0.5902    0.5811  0.002272  0.003446    0.0115
   236/299     5.29G  0.002762  0.001335   0.02254   0.02664        14       640    0.5092    0.7694    0.5907    0.5814  0.002279  0.003453    0.0115
   237/299     5.29G  0.002819  0.001263   0.02254   0.02662        15       640    0.5046    0.7801     0.591    0.5818  0.002284  0.003459   0.01151
   238/299     5.29G  0.002551  0.001219   0.02327   0.02704        20       640    0.5063    0.7736    0.5912     0.582  0.002286  0.003465   0.01151
   239/299     5.29G  0.002994  0.001248   0.02246    0.0267        15       640    0.5055    0.7765    0.5911    0.5819   0.00229   0.00347   0.01151
   240/299     5.29G  0.002567  0.001171   0.02198   0.02571        12       640    0.5054    0.7782    0.5914     0.582  0.002294  0.003478   0.01151
   241/299     5.29G  0.002514   0.00126   0.02263   0.02641        21       640    0.5041    0.7846    0.5912    0.5816  0.002299  0.003484   0.01152
   242/299     5.29G  0.002705  0.001278   0.02299   0.02697        15       640    0.5071     0.777    0.5913    0.5817  0.002306  0.003488   0.01152
   243/299     5.29G  0.002749  0.001289   0.02297   0.02701        17       640    0.5048    0.7843    0.5913    0.5818  0.002312  0.003493   0.01152
   244/299     5.29G  0.002635  0.001278   0.02273   0.02664        19       640    0.5056    0.7805    0.5915     0.582  0.002315  0.003498   0.01152
   245/299     5.29G  0.002704  0.001253   0.02265   0.02661        19       640    0.5033    0.7834    0.5916     0.582  0.002322  0.003505   0.01153
   246/299     5.29G  0.002652  0.001261   0.02208   0.02599        16       640    0.5031    0.7841    0.5914     0.582  0.002328   0.00351   0.01153
   247/299     5.29G  0.002618   0.00126   0.02202    0.0259        12       640    0.5198    0.7406    0.5915     0.582  0.002332  0.003517   0.01153
   248/299     5.29G    0.0033   0.00125    0.0229   0.02745        13       640    0.5198    0.7424    0.5917    0.5822  0.002334  0.003525   0.01153
   249/299     5.29G  0.002413  0.001174   0.02189   0.02547        12       640    0.5042     0.779     0.592    0.5823  0.002335   0.00353   0.01153
   250/299     5.29G  0.002528  0.001264   0.02278   0.02658        15       640    0.5049    0.7772    0.5919    0.5822  0.002338  0.003536   0.01153
   251/299     5.29G  0.002524  0.001225   0.02149   0.02524        18       640    0.5013    0.7874     0.592    0.5821   0.00234  0.003542   0.01154
   252/299     5.29G  0.002593  0.001239   0.02191   0.02575        18       640    0.5036    0.7814    0.5923    0.5822  0.002345   0.00355   0.01154
   253/299     5.29G  0.002735  0.001237   0.02295   0.02692        15       640    0.4978    0.7969    0.5926    0.5824  0.002348  0.003558   0.01154
   254/299     5.29G  0.002611  0.001214   0.02213   0.02595        19       640    0.5031    0.7827    0.5926    0.5824  0.002355  0.003565   0.01155
   255/299     5.29G  0.002525  0.001232   0.02197   0.02573        15       640    0.5024    0.7838    0.5928    0.5824   0.00236   0.00357   0.01155
   256/299     5.29G   0.00305  0.001275   0.02266   0.02699        16       640    0.5111    0.7628    0.5927    0.5822  0.002363  0.003577   0.01155
   257/299     5.29G  0.002655  0.001257   0.02234   0.02625        18       640    0.5121    0.7588     0.593    0.5825  0.002365  0.003584   0.01155
   258/299     5.29G   0.00256  0.001242   0.02247   0.02628        16       640     0.511    0.7628    0.5927    0.5821  0.002369   0.00359   0.01156
   259/299     5.29G  0.002977  0.001262   0.02186    0.0261        14       640    0.4937    0.8048    0.5931    0.5824  0.002372  0.003597   0.01156
   260/299     5.29G  0.002645  0.001256   0.02199   0.02589        16       640    0.5117    0.7619    0.5929    0.5821  0.002377  0.003601   0.01157
   261/299     5.29G  0.002494  0.001229   0.02244   0.02617        15       640    0.5117    0.7634    0.5931    0.5822  0.002379  0.003606   0.01157
   262/299     5.29G  0.002556   0.00129   0.02191   0.02576        12       640    0.5112    0.7621    0.5934    0.5823  0.002384  0.003612   0.01157
   263/299     5.29G  0.002722  0.001257   0.02238   0.02636        18       640    0.4953     0.804    0.5936    0.5829  0.002381  0.003618   0.01157
   264/299     5.29G  0.002252  0.001214   0.02176   0.02523        20       640    0.4956    0.8037    0.5933    0.5823  0.002381  0.003625   0.01158
   265/299     5.29G  0.002488  0.001168   0.02207   0.02572        18       640    0.4949    0.8057    0.5933    0.5821  0.002389   0.00363   0.01159
   266/299     5.29G  0.002607  0.001254   0.02236   0.02622        16       640    0.5164    0.7501    0.5937    0.5823   0.00239  0.003636   0.01159
   267/299     5.29G  0.002587  0.001247   0.02253   0.02637        14       640    0.4972    0.7997    0.5936    0.5819  0.002397  0.003645   0.01159
   268/299     5.29G  0.002549  0.001248   0.02272   0.02652        17       640    0.5124    0.7586    0.5935    0.5817  0.002403   0.00365   0.01159
   269/299     5.29G  0.002691  0.001235   0.02208     0.026        14       640    0.4927    0.8089    0.5932    0.5812  0.002413  0.003656    0.0116
   270/299     5.29G  0.002506  0.001233   0.02193   0.02567        12       640    0.4942    0.8073    0.5936    0.5816  0.002418  0.003663    0.0116
   271/299     5.29G   0.00246   0.00118   0.02205   0.02569        12       640    0.4928    0.8099    0.5937    0.5816  0.002426  0.003671   0.01161
   272/299     5.29G   0.00283  0.001213   0.02221   0.02626        16       640    0.4932    0.8081    0.5936    0.5813  0.002428  0.003677   0.01162
   273/299     5.29G  0.002573   0.00121   0.02142    0.0252        16       640    0.4959     0.801    0.5939    0.5813  0.002432  0.003683   0.01162
   274/299     5.29G   0.00238  0.001176   0.02153   0.02509        22       640    0.4971    0.7981    0.5938    0.5814  0.002433  0.003688   0.01162
   275/299     5.29G  0.002608  0.001256   0.02195   0.02581        24       640    0.4977    0.7973    0.5936     0.581  0.002438  0.003694   0.01163
   276/299     5.29G  0.002636  0.001211   0.02152   0.02536        20       640    0.4988     0.797    0.5938     0.581  0.002444  0.003698   0.01163
   277/299     5.29G  0.002776  0.001286   0.02255   0.02661        16       640    0.4945     0.807    0.5944    0.5814  0.002451  0.003704   0.01164
   278/299     5.29G  0.002645  0.001227   0.02219   0.02606        15       640    0.5002    0.7909    0.5941    0.5812  0.002458  0.003708   0.01164
   279/299     5.29G  0.002748   0.00123   0.02249   0.02647        25       640    0.5022    0.7833    0.5937    0.5806  0.002466  0.003713   0.01165
   280/299     5.29G  0.002437  0.001238   0.02164   0.02532        12       640    0.5022    0.7855    0.5946    0.5812   0.00247  0.003718   0.01165
   281/299     5.29G  0.002591  0.001248   0.02223   0.02607        13       640       0.5    0.7893    0.5945    0.5812  0.002472  0.003721   0.01166
   282/299     5.29G  0.002528  0.001226   0.02168   0.02544        16       640     0.505    0.7764    0.5945    0.5806  0.002481  0.003727   0.01166
   283/299     5.29G  0.002503  0.001216    0.0219   0.02561        23       640    0.5055    0.7735    0.5944    0.5803  0.002485  0.003731   0.01167
