      0/49    0.388G   0.07028   0.03597   0.05085    0.1571        19       640         0         0         0         0         0         0         0
      1/49     4.81G   0.02895   0.04166    0.0478    0.1184        14       640         0         0         0         0         0         0         0
      2/49     4.81G   0.02626   0.03367   0.04732    0.1073        15       640         0         0         0         0         0         0         0
      3/49     4.81G   0.03052   0.02753    0.0472    0.1053        15       640         0         0         0         0         0         0         0
      4/49     4.81G   0.02632   0.02356   0.04713     0.097        12       640         0         0         0         0         0         0         0
      5/49     4.81G   0.02214   0.02027   0.04711   0.08952        18       640         0         0         0         0         0         0         0
      6/49     4.81G   0.01799   0.01758   0.04708   0.08264        15       640         0         0         0         0         0         0         0
      7/49     4.81G   0.01507   0.01627   0.04704   0.07838        17       640         0         0         0         0         0         0         0
      8/49     4.81G   0.01431   0.01512   0.04703   0.07646        19       640         0         0         0         0         0         0         0
      9/49     4.81G   0.01324   0.01438   0.04702   0.07465        13       640         0         0         0         0         0         0         0
     10/49     4.81G   0.01234   0.01329   0.04702   0.07265        18       640         0         0         0         0         0         0         0
     11/49     4.81G   0.01157   0.01284   0.04701   0.07143        17       640         0         0         0         0         0         0         0
     12/49     4.81G   0.01117   0.01248   0.04701   0.07066        18       640         0         0         0         0         0         0         0
     13/49     4.81G   0.01019   0.01216   0.04699   0.06934        17       640         0         0         0         0         0         0         0
     14/49     4.81G   0.01003    0.0115   0.04699   0.06852        18       640         0         0         0         0         0         0         0
     15/49     4.81G   0.00969   0.01139   0.04697   0.06805        26       640         0         0         0         0         0         0         0
     16/49     4.81G  0.009274    0.0113   0.04699   0.06757        12       640         0         0         0         0         0         0         0
     17/49     4.81G  0.008745   0.01106   0.04697   0.06677        18       640         0         0         0         0         0         0         0
     18/49     4.81G  0.008727   0.01082   0.04697   0.06651        18       640         0         0         0         0         0         0         0
     19/49     4.81G  0.008306   0.01069   0.04696   0.06596        19       640         0         0         0         0         0         0         0
     20/49     4.81G  0.008394   0.01055   0.04695    0.0659        16       640         0         0         0         0         0         0         0
     21/49     4.81G  0.007972   0.01023   0.04695   0.06515        19       640         0         0         0         0         0         0         0
     22/49     4.81G  0.007743   0.01042   0.04695   0.06511        13       640         0         0         0         0         0         0         0
     23/49     4.81G  0.007088  0.009823   0.04695   0.06386        14       640         0         0         0         0         0         0         0
     24/49     4.81G  0.007205   0.01007   0.04695   0.06423        20       640         0         0         0         0         0         0         0
     25/49     4.81G  0.006771   0.00973   0.04694   0.06344        13       640         0         0         0         0         0         0         0
     26/49     4.81G  0.006771  0.009656   0.04693   0.06336        16       640         0         0         0         0         0         0         0
     27/49     4.81G  0.006439  0.009608   0.04696     0.063        21       640         0         0         0         0         0         0         0
     28/49     4.81G  0.006466  0.009519   0.04696   0.06294        20       640         0         0         0         0         0         0         0
     29/49     4.81G  0.006173  0.009317   0.04695   0.06244        24       640         0         0         0         0         0         0         0
     30/49     4.81G  0.005926  0.009285   0.04694   0.06215        19       640         0         0         0         0         0         0         0
     31/49     4.81G  0.005792  0.009264   0.04694   0.06199        18       640         0         0         0         0         0         0         0
     32/49     4.81G  0.005695  0.009157   0.04693   0.06178        21       640         0         0         0         0         0         0         0
     33/49     4.81G  0.005525  0.009218   0.04693   0.06168        20       640         0         0         0         0         0         0         0
     34/49     4.81G  0.005306  0.009133   0.04695   0.06139        16       640         0         0         0         0         0         0         0
     35/49     4.81G  0.005124  0.008898   0.04694   0.06096        15       640         0         0         0         0         0         0         0
     36/49     4.81G  0.005086  0.008792   0.04694   0.06082        12       640         0         0         0         0         0         0         0
     37/49     4.81G  0.004976  0.008817   0.04695   0.06074        15       640         0         0         0         0         0         0         0
     38/49     4.81G  0.005022  0.008902   0.04694   0.06086        21       640         0         0         0         0         0         0         0
     39/49     4.81G  0.004821  0.008696   0.04694   0.06046        16       640         0         0         0         0         0         0         0
     40/49     4.81G    0.0047  0.008443   0.04693   0.06007        18       640         0         0         0         0         0         0         0
     41/49     4.81G  0.004666  0.008459   0.04694   0.06006        28       640         0         0         0         0         0         0         0
     42/49     4.81G  0.004436   0.00829   0.04694   0.05967        25       640         0         0         0         0         0         0         0
     43/49     4.81G   0.00443  0.008462   0.04693   0.05982        17       640         0         0         0         0         0         0         0
     44/49     4.81G  0.004283  0.008115   0.04693   0.05933        13       640         0         0         0         0         0         0         0
     45/49     4.81G  0.004322  0.008179   0.04693   0.05943        18       640         0         0         0         0         0         0         0
     46/49     4.81G  0.004302  0.008271   0.04695   0.05953        21       640         0         0         0         0         0         0         0
     47/49     4.81G  0.004198   0.00803   0.04694   0.05917        18       640         0         0         0         0         0         0         0
     48/49     4.81G  0.004105  0.007926   0.04694   0.05898        13       640         0         0         0         0         0         0         0
     49/49     4.81G  0.004038  0.008032   0.04695   0.05902        15       640    0.2002    0.9963    0.2186    0.2162  0.004519   0.01135   0.04691
      0/49     1.81G   0.05924   0.04052   0.04734    0.1471        18       640         0         0         0         0         0         0         0
      1/49     4.86G   0.02361   0.03985   0.04529    0.1087        23       640         0         0         0         0         0         0         0
      2/49     4.87G    0.0248   0.02852    0.0453   0.09862        12       640         0         0         0         0         0         0         0
      3/49     4.87G     0.028   0.02338   0.04519   0.09656        12       640         0         0         0         0         0         0         0
      4/49     4.87G   0.02454    0.0205   0.04512   0.09016        16       640         0         0         0         0         0         0         0
      5/49     4.87G    0.0209   0.01877   0.04509   0.08475        15       640         0         0         0         0         0         0         0
      6/49     4.87G   0.01829   0.01717   0.04506   0.08052        13       640         0         0         0         0         0         0         0
      7/49     4.87G   0.01691   0.01627   0.04503   0.07821        15       640         0         0         0         0         0         0         0
      8/49     4.87G   0.01529   0.01572   0.04501   0.07601        13       640         0         0         0         0         0         0         0
      9/49     4.87G   0.01475   0.01515   0.04501   0.07491        19       640         0         0         0         0         0         0         0
     10/49     4.87G   0.01395   0.01477   0.04499   0.07371        14       640         0         0         0         0         0         0         0
     11/49     4.87G   0.01296    0.0141   0.04499   0.07206        12       640         0         0         0         0         0         0         0
     12/49     4.87G   0.01284    0.0132   0.04498   0.07103        19       640         0         0         0         0         0         0         0
     13/49     4.87G   0.01239   0.01296   0.04498   0.07032        12       640         0         0         0         0         0         0         0
     14/49     4.87G   0.01157    0.0129   0.04497   0.06944        22       640         0         0         0         0         0         0         0
     15/49     4.87G   0.01139   0.01243   0.04498    0.0688        13       640         0         0         0         0         0         0         0
     16/49     4.87G   0.01063   0.01179   0.04497   0.06738        17       640         0         0         0         0         0         0         0
     17/49     4.87G   0.01069   0.01193   0.04497   0.06759        22       640         0         0         0         0         0         0         0
     18/49     4.87G   0.01016   0.01169   0.04497   0.06682        18       640         0         0         0         0         0         0         0
     19/49     4.87G   0.01004   0.01148   0.04496   0.06648        16       640         0         0         0         0         0         0         0
     20/49     4.87G   0.00958   0.01117   0.04495    0.0657        13       640         0         0         0         0         0         0         0
     21/49     4.87G  0.009118   0.01098   0.04494   0.06503        16       640         0         0         0         0         0         0         0
     22/49     4.87G  0.008977   0.01113   0.04495   0.06506        15       640         0         0         0         0         0         0         0
     23/49     4.87G  0.008825   0.01078   0.04494   0.06454        23       640         0         0         0         0         0         0         0
     24/49     4.87G  0.008562   0.01072   0.04493   0.06422        18       640         0         0         0         0         0         0         0
     25/49     4.87G  0.008204   0.01061   0.04493   0.06375        16       640         0         0         0         0         0         0         0
     26/49     4.87G  0.008085    0.0107   0.04493   0.06372        20       640         0         0         0         0         0         0         0
     27/49     4.87G  0.007808   0.01055   0.04494   0.06329        18       640         0         0         0         0         0         0         0
     28/49     4.87G  0.007505   0.01026   0.04494   0.06271        12       640         0         0         0         0         0         0         0
     29/49     4.87G  0.007452   0.01036   0.04493   0.06275        17       640         0         0         0         0         0         0         0
     30/49     4.87G  0.007055   0.01002   0.04492     0.062        12       640         0         0         0         0         0         0         0
     31/49     4.87G   0.00694  0.009878   0.04492   0.06174        16       640         0         0         0         0         0         0         0
     32/49     4.87G  0.006816  0.009795   0.04493   0.06154        13       640         0         0         0         0         0         0         0
     33/49     4.87G  0.006725  0.009769   0.04493   0.06142        15       640         0         0         0         0         0         0         0
     34/49     4.87G  0.006407  0.009888   0.04492   0.06122        12       640         0         0         0         0         0         0         0
     35/49     4.87G  0.006497  0.009742   0.04492   0.06116        15       640         0         0         0         0         0         0         0
     36/49     4.87G    0.0062  0.009587   0.04493   0.06072        14       640         0         0         0         0         0         0         0
     37/49     4.87G  0.005955  0.009313    0.0449   0.06017        21       640         0         0         0         0         0         0         0
     38/49     4.87G  0.005981  0.009163   0.04492   0.06007        13       640         0         0         0         0         0         0         0
     39/49     4.87G  0.005865  0.009238   0.04493   0.06004        14       640         0         0         0         0         0         0         0
     40/49     4.87G  0.005791  0.009256   0.04492   0.05997        15       640         0         0         0         0         0         0         0
     41/49     4.87G   0.00567   0.00931   0.04493   0.05991        18       640         0         0         0         0         0         0         0
     42/49     4.87G  0.005775  0.009444   0.04492   0.06014        13       640         0         0         0         0         0         0         0
     43/49     4.87G  0.005662   0.00929   0.04491   0.05986        16       640         0         0         0         0         0         0         0
     44/49     4.87G   0.00552  0.008988   0.04491   0.05941        16       640         0         0         0         0         0         0         0
     45/49     4.87G  0.005425  0.009316   0.04492   0.05966        14       640         0         0         0         0         0         0         0
     46/49     4.87G  0.005388  0.009072   0.04491   0.05937        13       640         0         0         0         0         0         0         0
     47/49     4.87G   0.00545  0.009087   0.04492   0.05946        26       640         0         0         0         0         0         0         0
     48/49     4.87G  0.005297  0.009051   0.04492   0.05926        22       640         0         0         0         0         0         0         0
     49/49     4.87G  0.005396  0.009059   0.04492   0.05937        25       640       0.2    0.9989    0.2287    0.2257  0.006018    0.0113   0.04491
      0/49     4.83G   0.05885   0.04077   0.04735     0.147        18       640         0         0         0         0         0         0         0
      1/49     4.83G   0.02331   0.03981   0.04528    0.1084        16       640         0         0         0         0         0         0         0
      2/49     4.83G   0.02522   0.02866   0.04526   0.09914        12       640         0         0         0         0         0         0         0
      3/49     4.83G   0.02773   0.02367   0.04516   0.09656        13       640         0         0         0         0         0         0         0
      4/49     4.83G   0.02366   0.02072   0.04507   0.08945        15       640         0         0         0         0         0         0         0
      5/49     4.83G   0.02114   0.01877   0.04504   0.08496        15       640         0         0         0         0         0         0         0
      6/49     4.83G   0.01782   0.01712   0.04501   0.07996        13       640         0         0         0         0         0         0         0
      7/49     4.83G   0.01696   0.01627   0.04499   0.07822        19       640         0         0         0         0         0         0         0
      8/49     4.83G   0.01571    0.0157   0.04497   0.07638        16       640         0         0         0         0         0         0         0
      9/49     4.83G   0.01478   0.01518   0.04497   0.07493        17       640         0         0         0         0         0         0         0
     10/49     4.83G   0.01395   0.01465   0.04495   0.07356        13       640         0         0         0         0         0         0         0
     11/49     4.83G   0.01326   0.01425   0.04495   0.07247        12       640         0         0         0         0         0         0         0
     12/49     4.83G   0.01321   0.01327   0.04496   0.07145        17       640         0         0         0         0         0         0         0
     13/49     4.83G   0.01206   0.01294   0.04494   0.06994        12       640         0         0         0         0         0         0         0
     14/49     4.83G   0.01156   0.01287   0.04493   0.06936        21       640         0         0         0         0         0         0         0
     15/49     4.83G   0.01155   0.01246   0.04495   0.06896        14       640         0         0         0         0         0         0         0
     16/49     4.83G   0.01075   0.01177   0.04493   0.06744        23       640         0         0         0         0         0         0         0
     17/49     4.83G   0.01061   0.01187   0.04494   0.06741        22       640         0         0         0         0         0         0         0
     18/49     4.83G  0.009967   0.01151   0.04493    0.0664        13       640         0         0         0         0         0         0         0
     19/49     4.83G   0.01026    0.0116   0.04492   0.06678        18       640         0         0         0         0         0         0         0
     20/49     4.83G  0.009459   0.01105   0.04491   0.06541        15       640         0         0         0         0         0         0         0
     21/49     4.83G  0.009103   0.01101    0.0449   0.06502        16       640         0         0         0         0         0         0         0
     22/49     4.83G  0.009141   0.01111   0.04492   0.06517        15       640         0         0         0         0         0         0         0
     23/49     4.83G  0.008735   0.01089    0.0449   0.06453        23       640         0         0         0         0         0         0         0
     24/49     4.83G  0.008422   0.01073    0.0449   0.06405        18       640         0         0         0         0         0         0         0
     25/49     4.83G  0.008416   0.01065   0.04489   0.06395        16       640         0         0         0         0         0         0         0
     26/49     4.83G  0.008029   0.01071   0.04489   0.06363        20       640         0         0         0         0         0         0         0
     27/49     4.83G  0.007787   0.01065    0.0449   0.06334        18       640         0         0         0         0         0         0         0
     28/49     4.83G  0.007523   0.01029    0.0449   0.06271        12       640         0         0         0         0         0         0         0
     29/49     4.83G  0.007593   0.01059   0.04489   0.06307        17       640         0         0         0         0         0         0         0
     30/49     4.83G  0.007059   0.01013   0.04489   0.06207        12       640         0         0         0         0         0         0         0
     31/49     4.83G  0.006858  0.009958   0.04488    0.0617        16       640         0         0         0         0         0         0         0
     32/49     4.83G  0.006743  0.009929   0.04489   0.06156        13       640         0         0         0         0         0         0         0
     33/49     4.83G  0.006646  0.009947   0.04488   0.06148        15       640         0         0         0         0         0         0         0
     34/49     4.83G  0.006311  0.009975   0.04488   0.06117        12       640         0         0         0         0         0         0         0
     35/49     4.83G  0.006335  0.009923   0.04488   0.06114        15       640         0         0         0         0         0         0         0
     36/49     4.83G  0.006259  0.009774   0.04488   0.06092        14       640         0         0         0         0         0         0         0
     37/49     4.83G  0.006091  0.009578   0.04486   0.06053        21       640         0         0         0         0         0         0         0
     38/49     4.83G  0.005968  0.009396   0.04488   0.06024        13       640         0         0         0         0         0         0         0
     39/49     4.83G  0.005871  0.009303   0.04488   0.06006        14       640         0         0         0         0         0         0         0
     40/49     4.83G  0.005803  0.009409   0.04488   0.06009        16       640         0         0         0         0         0         0         0
     41/49     4.83G  0.005703  0.009272   0.04488   0.05986        15       640         0         0         0         0         0         0         0
     42/49     4.83G  0.005838  0.009398   0.04489   0.06012        13       640         0         0         0         0         0         0         0
     43/49     4.83G  0.005704  0.009311   0.04487   0.05989        19       640         0         0         0         0         0         0         0
     44/49     4.83G  0.005463  0.008751   0.04488   0.05909        16       640         0         0         0         0         0         0         0
     45/49     4.83G  0.005479  0.009141   0.04489   0.05951        18       640         0         0         0         0         0         0         0
     46/49     4.83G  0.005463  0.008984   0.04488   0.05932        13       640         0         0         0         0         0         0         0
     47/49     4.83G  0.005476  0.009015   0.04488   0.05937        23       640         0         0         0         0         0         0         0
     48/49     4.83G  0.005321  0.008899   0.04488    0.0591        15       640         0         0         0         0         0         0         0
     49/49     4.83G  0.005412   0.00893    0.0449   0.05924        24       640    0.2001    0.9983    0.2194    0.2163   0.00514   0.01091   0.04488
      0/49     4.83G   0.08357   0.03021   0.03749    0.1513        24       640         0         0         0         0         0         0         0
      1/49     4.83G   0.03303   0.03621   0.03505    0.1043        16       640         0         0         0         0         0         0         0
      2/49     4.84G   0.02739   0.03119   0.03475   0.09333        12       640         0         0         0         0         0         0         0
      3/49     4.84G   0.02907   0.02701   0.03461   0.09069        16       640         0         0         0         0         0         0         0
      4/49     4.84G   0.02615   0.02234   0.03459   0.08308        13       640         0         0         0         0         0         0         0
      5/49     4.84G    0.0218   0.01775   0.03451   0.07406        12       640         0         0         0         0         0         0         0
      6/49     4.84G    0.0183   0.01446   0.03445   0.06722        24       640         0         0         0         0         0         0         0
      7/49     4.84G   0.01613   0.01299   0.03443   0.06355        12       640         0         0         0         0         0         0         0
      8/49     4.84G    0.0147   0.01231    0.0344   0.06141        13       640         0         0         0         0         0         0         0
      9/49     4.84G   0.01354   0.01142   0.03441   0.05937        18       640         0         0         0         0         0         0         0
     10/49     4.84G   0.01264   0.01068    0.0344   0.05771        20       640         0         0         0         0         0         0         0
     11/49     4.84G   0.01192   0.01029    0.0344   0.05662        12       640         0         0         0         0         0         0         0
     12/49     4.84G   0.01102  0.009636   0.03438   0.05503        18       640         0         0         0         0         0         0         0
     13/49     4.84G   0.01073  0.009698   0.03437    0.0548        18       640         0         0         0         0         0         0         0
     14/49     4.84G  0.009982   0.00935   0.03437    0.0537        13       640         0         0         0         0         0         0         0
     15/49     4.84G  0.009762  0.009079   0.03437   0.05321        12       640         0         0         0         0         0         0         0
     16/49     4.84G  0.009462  0.008781   0.03435   0.05259        12       640         0         0         0         0         0         0         0
     17/49     4.84G  0.009215  0.008608   0.03435   0.05218        15       640         0         0         0         0         0         0         0
     18/49     4.84G  0.008896  0.008538   0.03436    0.0518        12       640         0         0         0         0         0         0         0
     19/49     4.84G  0.008784  0.008497   0.03436   0.05165        18       640         0         0         0         0         0         0         0
     20/49     4.84G  0.008231  0.008085   0.03435   0.05067        14       640         0         0         0         0         0         0         0
     21/49     4.84G   0.00814  0.008134   0.03435   0.05062        16       640         0         0         0         0         0         0         0
     22/49     4.84G  0.007796  0.008107   0.03435   0.05025        20       640         0         0         0         0         0         0         0
     23/49     4.84G  0.007552  0.007789   0.03434   0.04968        15       640         0         0         0         0         0         0         0
     24/49     4.84G  0.007471  0.007701   0.03434   0.04951        14       640         0         0         0         0         0         0         0
     25/49     4.84G  0.007049  0.007647   0.03434   0.04903        17       640         0         0         0         0         0         0         0
     26/49     4.84G  0.007102  0.007592   0.03434   0.04904        23       640         0         0         0         0         0         0         0
     27/49     4.84G  0.006924   0.00757   0.03433   0.04883        17       640         0         0         0         0         0         0         0
     28/49     4.84G  0.006696  0.007431   0.03434   0.04847        14       640         0         0         0         0         0         0         0
     29/49     4.84G  0.006604  0.007331   0.03433   0.04827        12       640         0         0         0         0         0         0         0
     30/49     4.84G  0.006189  0.006922   0.03433   0.04744        15       640         0         0         0         0         0         0         0
     31/49     4.84G  0.006308  0.007005   0.03434   0.04765        20       640         0         0         0         0         0         0         0
     32/49     4.84G  0.005957  0.006865   0.03434   0.04717        17       640         0         0         0         0         0         0         0
     33/49     4.84G  0.005972  0.006891   0.03434    0.0472        18       640         0         0         0         0         0         0         0
     34/49     4.84G  0.005766  0.006726   0.03435   0.04684        15       640         0         0         0         0         0         0         0
     35/49     4.84G  0.005621  0.006863   0.03433   0.04682        24       640         0         0         0         0         0         0         0
     36/49     4.84G  0.005416  0.006762   0.03435   0.04653        17       640         0         0         0         0         0         0         0
     37/49     4.84G  0.005264  0.006581   0.03434   0.04618        19       640         0         0         0         0         0         0         0
     38/49     4.84G  0.005135  0.006445   0.03434   0.04592        18       640         0         0         0         0         0         0         0
     39/49     4.84G  0.005169  0.006473   0.03434   0.04598        13       640         0         0         0         0         0         0         0
     40/49     4.84G   0.00508  0.006502   0.03433   0.04591        15       640         0         0         0         0         0         0         0
     41/49     4.84G  0.004846  0.006516   0.03434   0.04571        13       640         0         0         0         0         0         0         0
     42/49     4.84G  0.005013  0.006683   0.03434   0.04604        17       640         0         0         0         0         0         0         0
     43/49     4.84G  0.004815  0.006461   0.03435   0.04562        12       640         0         0         0         0         0         0         0
     44/49     4.84G   0.00474  0.006381   0.03434   0.04546        12       640         0         0         0         0         0         0         0
     45/49     4.84G  0.004653  0.006515   0.03434   0.04551        16       640         0         0         0         0         0         0         0
     46/49     4.84G  0.004583  0.006335   0.03434   0.04526        15       640         0         0         0         0         0         0         0
     47/49     4.84G  0.004668  0.006414   0.03435   0.04544        15       640         0         0         0         0         0         0         0
     48/49     4.84G   0.00443  0.006205   0.03434   0.04497        16       640         0         0         0         0         0         0         0
     49/49     4.84G  0.004475  0.006308   0.03435   0.04513        18       640    0.2001    0.9989    0.2208    0.2188  0.004812  0.008701   0.03436
      0/49      4.8G   0.06405   0.04035   0.05156     0.156        16       640         0         0         0         0         0         0         0
      1/49      4.8G   0.02641   0.04299   0.04899    0.1184        16       640         0         0         0         0         0         0         0
      2/49      4.8G    0.0271   0.03182   0.04877    0.1077        13       640         0         0         0         0         0         0         0
      3/49      4.8G   0.03129   0.02639   0.04866    0.1063        13       640         0         0         0         0         0         0         0
      4/49      4.8G   0.02652   0.02366    0.0486   0.09879        12       640         0         0         0         0         0         0         0
      5/49      4.8G   0.02165   0.02134   0.04855   0.09153        14       640         0         0         0         0         0         0         0
      6/49      4.8G    0.0194   0.01868   0.04851   0.08659        18       640         0         0         0         0         0         0         0
      7/49      4.8G   0.01656   0.01773   0.04849   0.08277        25       640         0         0         0         0         0         0         0
      8/49      4.8G   0.01587   0.01697   0.04849   0.08133        18       640         0         0         0         0         0         0         0
      9/49      4.8G   0.01457   0.01604   0.04848   0.07909        12       640         0         0         0         0         0         0         0
     10/49      4.8G   0.01335   0.01545   0.04849   0.07729        12       640         0         0         0         0         0         0         0
     11/49      4.8G   0.01276   0.01499   0.04848   0.07623        17       640         0         0         0         0         0         0         0
     12/49      4.8G   0.01194   0.01374   0.04849   0.07416        18       640         0         0         0         0         0         0         0
     13/49      4.8G   0.01169   0.01331   0.04847   0.07346        14       640         0         0         0         0         0         0         0
     14/49      4.8G   0.01148   0.01313   0.04846   0.07307        12       640         0         0         0         0         0         0         0
     15/49      4.8G   0.01088   0.01277   0.04845    0.0721        15       640         0         0         0         0         0         0         0
     16/49      4.8G   0.01005   0.01233   0.04844   0.07081        21       640         0         0         0         0         0         0         0
     17/49      4.8G  0.009948    0.0122   0.04844   0.07059        15       640         0         0         0         0         0         0         0
     18/49      4.8G  0.009726   0.01197   0.04844   0.07014        13       640         0         0         0         0         0         0         0
     19/49      4.8G  0.009215   0.01183   0.04843   0.06948        16       640         0         0         0         0         0         0         0
     20/49      4.8G  0.008747   0.01182   0.04841   0.06898        24       640         0         0         0         0         0         0         0
     21/49      4.8G  0.008885   0.01153   0.04842   0.06884        18       640         0         0         0         0         0         0         0
     22/49      4.8G  0.008171   0.01167   0.04843   0.06828        24       640         0         0         0         0         0         0         0
     23/49      4.8G  0.007939   0.01123   0.04842   0.06758        17       640         0         0         0         0         0         0         0
     24/49      4.8G  0.007621   0.01116   0.04842    0.0672        19       640         0         0         0         0         0         0         0
     25/49      4.8G  0.007736   0.01124   0.04843    0.0674        12       640         0         0         0         0         0         0         0
     26/49      4.8G  0.007394   0.01103    0.0484   0.06683        12       640         0         0         0         0         0         0         0
     27/49      4.8G  0.007134   0.01088   0.04841   0.06643        23       640         0         0         0         0         0         0         0
     28/49      4.8G  0.006932   0.01066    0.0484     0.066        15       640         0         0         0         0         0         0         0
     29/49      4.8G  0.006763   0.01077   0.04842   0.06596        18       640         0         0         0         0         0         0         0
     30/49      4.8G  0.006614   0.01047    0.0484   0.06549        16       640         0         0         0         0         0         0         0
     31/49      4.8G  0.006565   0.01053   0.04841   0.06551        23       640         0         0         0         0         0         0         0
     32/49      4.8G  0.006149    0.0102   0.04842   0.06477        15       640         0         0         0         0         0         0         0
     33/49      4.8G   0.00602   0.01036   0.04841   0.06478        20       640         0         0         0         0         0         0         0
     34/49      4.8G  0.005872    0.0101   0.04839   0.06437        12       640         0         0         0         0         0         0         0
     35/49      4.8G  0.005866   0.01022   0.04839   0.06447        14       640         0         0         0         0         0         0         0
     36/49      4.8G  0.005646   0.00996    0.0484   0.06401        22       640         0         0         0         0         0         0         0
     37/49      4.8G  0.005409  0.009741    0.0484   0.06355        12       640         0         0         0         0         0         0         0
     38/49      4.8G  0.005412  0.009809   0.04842   0.06364        15       640         0         0         0         0         0         0         0
     39/49      4.8G  0.005307      0.01    0.0484   0.06371        15       640         0         0         0         0         0         0         0
     40/49      4.8G  0.005246  0.009643    0.0484   0.06329        19       640         0         0         0         0         0         0         0
     41/49      4.8G  0.005084  0.009656    0.0484   0.06314        21       640         0         0         0         0         0         0         0
     42/49      4.8G   0.00497  0.009278   0.04839   0.06264        16       640         0         0         0         0         0         0         0
     43/49      4.8G   0.00493  0.009473    0.0484    0.0628        12       640         0         0         0         0         0         0         0
     44/49      4.8G  0.004903  0.009545    0.0484   0.06284        12       640         0         0         0         0         0         0         0
     45/49      4.8G  0.004662  0.009369   0.04839   0.06242        18       640         0         0         0         0         0         0         0
     46/49      4.8G  0.004856  0.009493    0.0484   0.06275        13       640         0         0         0         0         0         0         0
     47/49      4.8G  0.004794  0.009589   0.04841   0.06279        15       640         0         0         0         0         0         0         0
     48/49      4.8G   0.00472  0.009375   0.04841   0.06251        14       640         0         0         0         0         0         0         0
     49/49      4.8G  0.004619  0.009139   0.04841   0.06217        19       640    0.2007    0.9885    0.2143    0.2114  0.005171   0.01267   0.04838
      0/49     4.83G   0.05944   0.03992   0.04651    0.1459        18       640         0         0         0         0         0         0         0
      1/49     4.83G    0.0238   0.03958    0.0444    0.1078        23       640         0         0         0         0         0         0         0
      2/49     4.84G   0.02503   0.02879   0.04438    0.0982        12       640         0         0         0         0         0         0         0
      3/49     4.84G   0.02795   0.02388   0.04428   0.09611        12       640         0         0         0         0         0         0         0
      4/49     4.84G    0.0239   0.02115   0.04421   0.08927        15       640         0         0         0         0         0         0         0
      5/49     4.84G   0.02091   0.01908   0.04419   0.08418        15       640         0         0         0         0         0         0         0
      6/49     4.84G   0.01887   0.01728   0.04414   0.08029        13       640         0         0         0         0         0         0         0
      7/49     4.84G   0.01722   0.01639   0.04413   0.07773        19       640         0         0         0         0         0         0         0
      8/49     4.84G   0.01617   0.01569    0.0441   0.07596        19       640         0         0         0         0         0         0         0
      9/49     4.84G   0.01464   0.01512    0.0441   0.07387        17       640         0         0         0         0         0         0         0
     10/49     4.84G   0.01395   0.01464   0.04408   0.07268        13       640         0         0         0         0         0         0         0
     11/49     4.84G   0.01347   0.01391   0.04407   0.07146        12       640         0         0         0         0         0         0         0
     12/49     4.84G   0.01288   0.01321   0.04407   0.07016        17       640         0         0         0         0         0         0         0
     13/49     4.84G   0.01204   0.01293   0.04407   0.06904        12       640         0         0         0         0         0         0         0
     14/49     4.84G   0.01193   0.01295   0.04405   0.06893        22       640         0         0         0         0         0         0         0
     15/49     4.84G   0.01159   0.01243   0.04407   0.06809        13       640         0         0         0         0         0         0         0
     16/49     4.84G   0.01074   0.01189   0.04405   0.06669        20       640         0         0         0         0         0         0         0
     17/49     4.84G   0.01046   0.01189   0.04405   0.06641        22       640         0         0         0         0         0         0         0
     18/49     4.84G   0.01018   0.01153   0.04405   0.06576        18       640         0         0         0         0         0         0         0
     19/49     4.84G   0.01004   0.01147   0.04405   0.06556        18       640         0         0         0         0         0         0         0
     20/49     4.84G   0.00973   0.01113   0.04403   0.06489        16       640         0         0         0         0         0         0         0
     21/49     4.84G  0.009095   0.01099   0.04403   0.06411        17       640         0         0         0         0         0         0         0
     22/49     4.84G  0.009112   0.01107   0.04404   0.06422        15       640         0         0         0         0         0         0         0
     23/49     4.84G  0.008887   0.01076   0.04402   0.06367        23       640         0         0         0         0         0         0         0
     24/49     4.84G   0.00837   0.01069   0.04402   0.06308        18       640         0         0         0         0         0         0         0
     25/49     4.84G  0.008573   0.01056   0.04401   0.06314        15       640         0         0         0         0         0         0         0
     26/49     4.84G  0.008163   0.01059   0.04402   0.06277        17       640         0         0         0         0         0         0         0
     27/49     4.84G   0.00776   0.01045   0.04404   0.06225        18       640         0         0         0         0         0         0         0
     28/49     4.84G  0.007659   0.01023   0.04403   0.06192        12       640         0         0         0         0         0         0         0
     29/49     4.84G  0.007403   0.01025   0.04402   0.06168        20       640         0         0         0         0         0         0         0
     30/49     4.84G  0.007179   0.00993   0.04401   0.06112        13       640         0         0         0         0         0         0         0
     31/49     4.84G  0.006931  0.009806     0.044   0.06074        16       640         0         0         0         0         0         0         0
     32/49     4.84G  0.006867  0.009737   0.04401   0.06062        13       640         0         0         0         0         0         0         0
     33/49     4.84G  0.006724   0.00969   0.04402   0.06044        15       640         0         0         0         0         0         0         0
     34/49     4.84G  0.006463  0.009743   0.04402   0.06022        17       640         0         0         0         0         0         0         0
     35/49     4.84G  0.006571  0.009739   0.04401   0.06032        15       640         0         0         0         0         0         0         0
     36/49     4.84G  0.006286  0.009565   0.04401   0.05987        17       640         0         0         0         0         0         0         0
     37/49     4.84G  0.006123   0.00941     0.044   0.05953        22       640         0         0         0         0         0         0         0
     38/49     4.84G  0.005914  0.009171   0.04402    0.0591        13       640         0         0         0         0         0         0         0
     39/49     4.84G  0.005974  0.009343   0.04402   0.05934        20       640         0         0         0         0         0         0         0
     40/49     4.84G  0.005829  0.009183     0.044   0.05902        16       640         0         0         0         0         0         0         0
     41/49     4.84G  0.005646  0.009278     0.044   0.05893        17       640         0         0         0         0         0         0         0
     42/49     4.84G  0.005787  0.009409   0.04401    0.0592        15       640         0         0         0         0         0         0         0
     43/49     4.84G  0.005588  0.009195   0.04399   0.05877        19       640         0         0         0         0         0         0         0
     44/49     4.84G  0.005457  0.008873     0.044   0.05833        22       640         0         0         0         0         0         0         0
     45/49     4.84G   0.00542  0.009214     0.044   0.05863        15       640         0         0         0         0         0         0         0
     46/49     4.84G  0.005436  0.009082   0.04401   0.05852        16       640         0         0         0         0         0         0         0
     47/49     4.84G  0.005428  0.009056     0.044   0.05849        19       640         0         0         0         0         0         0         0
     48/49     4.84G  0.005341  0.009034   0.04401   0.05838        14       640         0         0         0         0         0         0         0
     49/49     4.84G  0.005401  0.009019     0.044   0.05842        14       640    0.2002    0.9984    0.2217    0.2185  0.006086   0.01137   0.04402      
      0/49    0.367G   0.05722   0.03437   0.05001    0.1416        17       640         0         0         0         0         0         0         0
      1/49     4.83G    0.0228   0.03642   0.04777     0.107        12       640         0         0         0         0         0         0         0
      2/49     4.84G   0.02243   0.02905   0.04767   0.09915        19       640         0         0         0         0         0         0         0
      3/49     4.84G   0.02565   0.02487   0.04761   0.09813        14       640         0         0         0         0         0         0         0
      4/49     4.84G   0.02334   0.02173   0.04763    0.0927        25       640         0         0         0         0         0         0         0
      5/49     4.84G   0.02092   0.01931   0.04762   0.08784        14       640         0         0         0         0         0         0         0
      6/49     4.84G    0.0192   0.01731   0.04757   0.08408        14       640         0         0         0         0         0         0         0
      7/49     4.84G   0.01696   0.01592   0.04753    0.0804        17       640         0         0         0         0         0         0         0
      8/49     4.84G   0.01653   0.01522   0.04751   0.07927        12       640         0         0         0         0         0         0         0
      9/49     4.84G   0.01485   0.01449    0.0475   0.07684        14       640         0         0         0         0         0         0         0
     10/49     4.84G   0.01373   0.01387   0.04749   0.07509        18       640         0         0         0         0         0         0         0
     11/49     4.84G   0.01364   0.01347   0.04748   0.07459        14       640         0         0         0         0         0         0         0
     12/49     4.84G   0.01297   0.01316   0.04747    0.0736        21       640         0         0         0         0         0         0         0
     13/49     4.84G   0.01215   0.01285   0.04746   0.07247        21       640         0         0         0         0         0         0         0
     14/49     4.84G   0.01224    0.0124   0.04748   0.07212        14       640         0         0         0         0         0         0         0
     15/49     4.84G   0.01165   0.01173   0.04747   0.07085        12       640         0         0         0         0         0         0         0
     16/49     4.84G   0.01117   0.01139   0.04747   0.07003        27       640         0         0         0         0         0         0         0
     17/49     4.84G   0.01065   0.01126   0.04747   0.06938        21       640         0         0         0         0         0         0         0
     18/49     4.84G   0.01051   0.01096   0.04745   0.06892        17       640         0         0         0         0         0         0         0
     19/49     4.84G  0.009693   0.01075   0.04745   0.06789        13       640         0         0         0         0         0         0         0
     20/49     4.84G  0.009692   0.01082   0.04745   0.06797        17       640         0         0         0         0         0         0         0
     21/49     4.84G  0.009379   0.01048   0.04745    0.0673        16       640         0         0         0         0         0         0         0
     22/49     4.84G  0.009326   0.01026   0.04743   0.06702        15       640         0         0         0         0         0         0         0
     23/49     4.84G  0.009205   0.01033   0.04745   0.06698        17       640         0         0         0         0         0         0         0
     24/49     4.84G  0.008773   0.00999   0.04743    0.0662        15       640         0         0         0         0         0         0         0
     25/49     4.84G  0.008463   0.01001   0.04744   0.06591        12       640         0         0         0         0         0         0         0
     26/49     4.84G  0.008223  0.009998   0.04744   0.06566        17       640         0         0         0         0         0         0         0
     27/49     4.84G  0.008012  0.009821   0.04742   0.06525        15       640         0         0         0         0         0         0         0
     28/49     4.84G  0.007694  0.009663   0.04743   0.06479        13       640         0         0         0         0         0         0         0
     29/49     4.84G  0.007627  0.009691   0.04742   0.06474        13       640         0         0         0         0         0         0         0
     30/49     4.84G  0.007464   0.00941   0.04741   0.06429        15       640         0         0         0         0         0         0         0
     31/49     4.84G  0.007088  0.009511   0.04743   0.06403        13       640         0         0         0         0         0         0         0
     32/49     4.84G  0.006772  0.009048    0.0474   0.06322        20       640         0         0         0         0         0         0         0
     33/49     4.84G  0.006792  0.009116    0.0474   0.06331        22       640         0         0         0         0         0         0         0
     34/49     4.84G  0.006534  0.009278   0.04743   0.06324        18       640         0         0         0         0         0         0         0
     35/49     4.84G  0.006502    0.0091   0.04741   0.06302        12       640         0         0         0         0         0         0         0
     36/49     4.84G  0.006127  0.008859   0.04741    0.0624        12       640         0         0         0         0         0         0         0
     37/49     4.84G  0.006052  0.009039   0.04741    0.0625        17       640         0         0         0         0         0         0         0
     38/49     4.84G  0.005979  0.008957   0.04741   0.06234        15       640         0         0         0         0         0         0         0
     39/49     4.84G  0.005914  0.008933   0.04742   0.06226        18       640         0         0         0         0         0         0         0
     40/49     4.84G  0.005769  0.008802    0.0474   0.06197        13       640         0         0         0         0         0         0         0
     41/49     4.84G  0.005685  0.008784    0.0474   0.06187        15       640         0         0         0         0         0         0         0
     42/49     4.84G   0.00568  0.008794    0.0474   0.06187        13       640         0         0         0         0         0         0         0
     43/49     4.84G  0.005603  0.008676    0.0474   0.06168        12       640         0         0         0         0         0         0         0
     44/49     4.84G  0.005558  0.008782   0.04739   0.06173        15       640         0         0         0         0         0         0         0
     45/49     4.84G  0.005464   0.00862   0.04739   0.06147        20       640         0         0         0         0         0         0         0
     46/49     4.84G  0.005324  0.008516   0.04741   0.06125        23       640         0         0         0         0         0         0         0
     47/49     4.84G  0.005369  0.008622    0.0474   0.06139        15       640         0         0         0         0         0         0         0
     48/49     4.84G  0.005334  0.008582   0.04741   0.06132        15       640         0         0         0         0         0         0         0
     49/49     4.84G  0.005399  0.008649   0.04739   0.06144        15       640    0.2005     0.992    0.2212    0.2182  0.004974   0.01007   0.04737
      0/49     4.83G   0.06149   0.03796   0.04418    0.1436        16       640         0         0         0         0         0         0         0
      1/49     4.83G    0.0249   0.03988   0.04218    0.1069        16       640         0         0         0         0         0         0         0
      2/49     4.84G   0.02542   0.03023   0.04209   0.09775        12       640         0         0         0         0         0         0         0
      3/49     4.84G   0.02729   0.02395   0.04203   0.09328        12       640         0         0         0         0         0         0         0
      4/49     4.84G   0.02405   0.01986   0.04197   0.08588        15       640         0         0         0         0         0         0         0
      5/49     4.84G   0.02026    0.0176   0.04193   0.07979        12       640         0         0         0         0         0         0         0
      6/49     4.84G   0.01691   0.01581   0.04188    0.0746        12       640         0         0         0         0         0         0         0
      7/49     4.84G   0.01535   0.01481   0.04186   0.07203        14       640         0         0         0         0         0         0         0
      8/49     4.84G   0.01397   0.01424   0.04184   0.07005        15       640         0         0         0         0         0         0         0
      9/49     4.84G   0.01317   0.01386   0.04185   0.06887        19       640         0         0         0         0         0         0         0
     10/49     4.84G   0.01218    0.0132   0.04185   0.06723        13       640         0         0         0         0         0         0         0
     11/49     4.84G   0.01215   0.01223   0.04183    0.0662        12       640         0         0         0         0         0         0         0
     12/49     4.84G   0.01111   0.01163   0.04183   0.06457        17       640         0         0         0         0         0         0         0
     13/49     4.84G   0.01116   0.01156   0.04182   0.06454        12       640         0         0         0         0         0         0         0
     14/49     4.84G   0.01051    0.0112    0.0418   0.06351        20       640         0         0         0         0         0         0         0
     15/49     4.84G  0.009898   0.01106    0.0418   0.06276        21       640         0         0         0         0         0         0         0
     16/49     4.84G  0.009388   0.01044   0.04178   0.06162        23       640         0         0         0         0         0         0         0
     17/49     4.84G  0.009308   0.01068    0.0418   0.06179        16       640         0         0         0         0         0         0         0
     18/49     4.84G  0.008734   0.01017    0.0418    0.0607        12       640         0         0         0         0         0         0         0
     19/49     4.84G  0.008426   0.01023   0.04178   0.06044        21       640         0         0         0         0         0         0         0
     20/49     4.84G  0.008419  0.009884   0.04178   0.06009        12       640         0         0         0         0         0         0         0
     21/49     4.84G  0.008075  0.009779   0.04177   0.05962        15       640         0         0         0         0         0         0         0
     22/49     4.84G  0.007693   0.00994    0.0418   0.05943        16       640         0         0         0         0         0         0         0
     23/49     4.84G  0.007745  0.009608   0.04177   0.05912        15       640         0         0         0         0         0         0         0
     24/49     4.84G  0.007427  0.009562   0.04176   0.05875        13       640         0         0         0         0         0         0         0
     25/49     4.84G  0.007304  0.009554   0.04176   0.05862        15       640         0         0         0         0         0         0         0
     26/49     4.84G  0.007124  0.009345   0.04176   0.05823        14       640         0         0         0         0         0         0         0
     27/49     4.84G  0.006984  0.009329   0.04177   0.05808        12       640         0         0         0         0         0         0         0
     28/49     4.84G  0.006561   0.00928   0.04176    0.0576        16       640         0         0         0         0         0         0         0
     29/49     4.84G  0.006629  0.009401   0.04177    0.0578        26       640         0         0         0         0         0         0         0
     30/49     4.84G  0.006286  0.008932   0.04175   0.05697        18       640         0         0         0         0         0         0         0
     31/49     4.84G  0.006161  0.008938   0.04176   0.05686        12       640         0         0         0         0         0         0         0
     32/49     4.84G  0.006011  0.008682   0.04177   0.05646        18       640         0         0         0         0         0         0         0
     33/49     4.84G  0.005893  0.008847   0.04177   0.05651        18       640         0         0         0         0         0         0         0
     34/49     4.84G  0.005685  0.008667   0.04176   0.05612        12       640         0         0         0         0         0         0         0
     35/49     4.84G  0.005712  0.008559   0.04177   0.05604        12       640         0         0         0         0         0         0         0
     36/49     4.84G  0.005458  0.008393   0.04176   0.05562        15       640         0         0         0         0         0         0         0
     37/49     4.84G  0.005386  0.008398   0.04176   0.05555        12       640         0         0         0         0         0         0         0
     38/49     4.84G  0.005133  0.008223   0.04177   0.05512        17       640         0         0         0         0         0         0         0
     39/49     4.84G  0.005218  0.008382   0.04177   0.05537        16       640         0         0         0         0         0         0         0
     40/49     4.84G  0.005092  0.008237   0.04177    0.0551        12       640         0         0         0         0         0         0         0
     41/49     4.84G  0.004916   0.00826   0.04178   0.05496        12       640         0         0         0         0         0         0         0
     42/49     4.84G  0.005049   0.00838   0.04177   0.05519        15       640         0         0         0         0         0         0         0
     43/49     4.84G  0.004923  0.008309   0.04176     0.055        19       640         0         0         0         0         0         0         0
     44/49     4.84G  0.004824  0.007966   0.04177   0.05456        12       640         0         0         0         0         0         0         0
     45/49     4.84G  0.004788  0.008207   0.04177   0.05476        15       640         0         0         0         0         0         0         0
     46/49     4.84G  0.004773  0.008235   0.04177   0.05477        15       640         0         0         0         0         0         0         0
     47/49     4.84G  0.004696  0.007957   0.04176   0.05442        14       640         0         0         0         0         0         0         0
     48/49     4.84G  0.004631  0.008099   0.04177    0.0545        20       640         0         0         0         0         0         0         0
     49/49     4.84G  0.004668  0.008025   0.04177   0.05446        20       640    0.2001    0.9977    0.2193    0.2166  0.005701   0.01076   0.04177
      0/49     4.83G   0.07537   0.03958   0.04694    0.1619        26       640         0         0         0         0         0         0         0
      1/49     4.83G   0.02995   0.04348   0.04453     0.118        12       640         0         0         0         0         0         0         0
      2/49     4.84G   0.02824   0.03404   0.04433    0.1066        15       640         0         0         0         0         0         0         0
      3/49     4.84G   0.03161   0.02774   0.04427    0.1036        21       640         0         0         0         0         0         0         0
      4/49     4.84G   0.02758   0.02288   0.04419   0.09465        19       640         0         0         0         0         0         0         0
      5/49     4.84G   0.02223   0.01938   0.04411   0.08573        21       640         0         0         0         0         0         0         0
      6/49     4.84G   0.01955   0.01724   0.04407   0.08086        16       640         0         0         0         0         0         0         0
      7/49     4.84G    0.0175   0.01628   0.04404   0.07781        14       640         0         0         0         0         0         0         0
      8/49     4.84G     0.016   0.01545   0.04403   0.07547        14       640         0         0         0         0         0         0         0
      9/49     4.84G   0.01473   0.01447   0.04402   0.07321        14       640         0         0         0         0         0         0         0
     10/49     4.84G   0.01421   0.01347     0.044   0.07168        21       640         0         0         0         0         0         0         0
     11/49     4.84G   0.01325   0.01295   0.04401   0.07021        17       640         0         0         0         0         0         0         0
     12/49     4.84G   0.01237   0.01269   0.04399   0.06905        12       640         0         0         0         0         0         0         0
     13/49     4.84G     0.012   0.01232   0.04397   0.06829        25       640         0         0         0         0         0         0         0
     14/49     4.84G   0.01167   0.01199   0.04398   0.06764        15       640         0         0         0         0         0         0         0
     15/49     4.84G    0.0112   0.01182   0.04398     0.067        13       640         0         0         0         0         0         0         0
     16/49     4.84G   0.01043   0.01112   0.04396   0.06551        16       640         0         0         0         0         0         0         0
     17/49     4.84G    0.0102   0.01114   0.04397   0.06531        22       640         0         0         0         0         0         0         0
     18/49     4.84G  0.009772   0.01087   0.04397   0.06461        19       640         0         0         0         0         0         0         0
     19/49     4.84G  0.009423   0.01098   0.04397   0.06437        15       640         0         0         0         0         0         0         0
     20/49     4.84G  0.009145   0.01078   0.04395   0.06387        18       640         0         0         0         0         0         0         0
     21/49     4.84G  0.008958   0.01055   0.04394   0.06345        12       640         0         0         0         0         0         0         0
     22/49     4.84G  0.008843   0.01056   0.04395   0.06335        13       640         0         0         0         0         0         0         0
     23/49     4.84G  0.008312  0.009811   0.04394   0.06207        15       640         0         0         0         0         0         0         0
     24/49     4.84G  0.008435  0.009862   0.04396   0.06225        15       640         0         0         0         0         0         0         0
     25/49     4.84G  0.008247  0.009822   0.04394   0.06201        16       640         0         0         0         0         0         0         0
     26/49     4.84G  0.007725  0.009773   0.04395   0.06144        23       640         0         0         0         0         0         0         0
     27/49     4.84G  0.007718  0.009785   0.04395   0.06145        13       640         0         0         0         0         0         0         0
     28/49     4.84G  0.007367  0.009556   0.04394   0.06086        16       640         0         0         0         0         0         0         0
     29/49     4.84G  0.007318  0.009407   0.04394   0.06067        12       640         0         0         0         0         0         0         0
     30/49     4.84G  0.006828  0.008929   0.04392   0.05968        16       640         0         0         0         0         0         0         0
     31/49     4.84G  0.006879  0.008968   0.04394   0.05979        15       640         0         0         0         0         0         0         0
     32/49     4.84G  0.006641  0.008795   0.04394   0.05937        23       640         0         0         0         0         0         0         0
     33/49     4.84G  0.006584  0.008963   0.04393   0.05948        12       640         0         0         0         0         0         0         0
     34/49     4.84G  0.006227  0.008857   0.04393   0.05902        15       640         0         0         0         0         0         0         0
     35/49     4.84G  0.006427   0.00889   0.04395   0.05927        18       640         0         0         0         0         0         0         0
     36/49     4.84G  0.005957  0.008576   0.04393   0.05847        18       640         0         0         0         0         0         0         0
     37/49     4.84G  0.005986   0.00854   0.04392   0.05845        13       640         0         0         0         0         0         0         0
     38/49     4.84G  0.005885  0.008373   0.04394    0.0582        15       640         0         0         0         0         0         0         0
     39/49     4.84G   0.00582  0.008559   0.04394   0.05832        20       640         0         0         0         0         0         0         0
     40/49     4.84G  0.005684  0.008354   0.04393   0.05797        15       640         0         0         0         0         0         0         0
     41/49     4.84G   0.00561  0.008356   0.04395   0.05791        15       640         0         0         0         0         0         0         0
     42/49     4.84G   0.00558   0.00851   0.04394   0.05803        13       640         0         0         0         0         0         0         0
     43/49     4.84G  0.005493  0.008206   0.04394   0.05764        14       640         0         0         0         0         0         0         0
     44/49     4.84G   0.00519   0.00801   0.04394   0.05714        18       640         0         0         0         0         0         0         0
     45/49     4.84G   0.00529   0.00843   0.04395   0.05767        16       640         0         0         0         0         0         0         0
     46/49     4.84G  0.005224  0.008164   0.04394   0.05733        17       640         0         0         0         0         0         0         0
     47/49     4.84G  0.005353  0.008361   0.04395   0.05766        16       640         0         0         0         0         0         0         0
     48/49     4.84G   0.00506  0.008089   0.04395    0.0571        12       640         0         0         0         0         0         0         0
     49/49     4.84G  0.005027  0.008111   0.04395   0.05709        14       640    0.2002    0.9967    0.2187    0.2162  0.005828   0.01199     0.044
      0/49     4.83G   0.06026   0.04233   0.04754    0.1501        20       640         0         0         0         0         0         0         0
      1/49     4.83G   0.02444   0.04277   0.04535    0.1126        12       640         0         0         0         0         0         0         0
      2/49     4.84G   0.02554   0.03063   0.04532    0.1015        12       640         0         0         0         0         0         0         0
      3/49     4.84G   0.02872   0.02497   0.04524   0.09893        13       640         0         0         0         0         0         0         0
      4/49     4.84G   0.02398   0.02197   0.04516   0.09111        13       640         0         0         0         0         0         0         0
      5/49     4.84G   0.02185   0.01956   0.04514   0.08655        12       640         0         0         0         0         0         0         0
      6/49     4.84G   0.01824   0.01762    0.0451   0.08095        24       640         0         0         0         0         0         0         0
      7/49     4.84G   0.01665   0.01692   0.04506   0.07862        12       640         0         0         0         0         0         0         0
      8/49     4.84G   0.01578   0.01629   0.04505   0.07712        21       640         0         0         0         0         0         0         0
      9/49     4.84G   0.01509   0.01519   0.04504   0.07532        19       640         0         0         0         0         0         0         0
     10/49     4.84G   0.01407   0.01423   0.04503   0.07333        13       640         0         0         0         0         0         0         0
     11/49     4.84G   0.01298   0.01372   0.04504   0.07174        13       640         0         0         0         0         0         0         0
     12/49     4.84G   0.01287   0.01367   0.04502   0.07156        20       640         0         0         0         0         0         0         0
     13/49     4.84G   0.01224   0.01329   0.04502   0.07054        12       640         0         0         0         0         0         0         0
     14/49     4.84G   0.01191   0.01273   0.04501   0.06965        16       640         0         0         0         0         0         0         0
     15/49     4.84G   0.01116   0.01241   0.04501   0.06858        15       640         0         0         0         0         0         0         0
     16/49     4.84G   0.01063   0.01195     0.045   0.06758        19       640         0         0         0         0         0         0         0
     17/49     4.84G   0.01045   0.01195     0.045   0.06739        16       640         0         0         0         0         0         0         0
     18/49     4.84G    0.0102    0.0117   0.04499   0.06689        16       640         0         0         0         0         0         0         0
     19/49     4.84G  0.009672   0.01173   0.04498   0.06639        21       640         0         0         0         0         0         0         0
     20/49     4.84G   0.00964   0.01152   0.04499   0.06615        22       640         0         0         0         0         0         0         0
     21/49     4.84G  0.009085    0.0114   0.04498   0.06546        12       640         0         0         0         0         0         0         0
     22/49     4.84G  0.008956   0.01145   0.04497   0.06537        14       640         0         0         0         0         0         0         0
     23/49     4.84G   0.00848   0.01107   0.04498   0.06453        25       640         0         0         0         0         0         0         0
     24/49     4.84G  0.008322   0.01106   0.04498   0.06436        19       640         0         0         0         0         0         0         0
     25/49     4.84G   0.00834   0.01091   0.04497   0.06422        15       640         0         0         0         0         0         0         0
     26/49     4.84G    0.0075   0.01061   0.04497   0.06308        14       640         0         0         0         0         0         0         0
     27/49     4.84G   0.00786   0.01075   0.04496   0.06358        12       640         0         0         0         0         0         0         0
     28/49     4.84G  0.007394   0.01065   0.04496   0.06301        15       640         0         0         0         0         0         0         0
     29/49     4.84G  0.007273   0.01094   0.04495   0.06317        16       640         0         0         0         0         0         0         0
     30/49     4.84G  0.007109   0.01045   0.04497   0.06253        13       640         0         0         0         0         0         0         0
     31/49     4.84G  0.006857   0.01036   0.04496   0.06218        18       640         0         0         0         0         0         0         0
     32/49     4.84G  0.006793   0.01016   0.04496   0.06192        13       640         0         0         0         0         0         0         0
     33/49     4.84G  0.006469   0.01014   0.04496   0.06157        12       640         0         0         0         0         0         0         0
     34/49     4.84G  0.006452   0.01027   0.04495   0.06168        17       640         0         0         0         0         0         0         0
     35/49     4.84G   0.00627   0.01004   0.04496   0.06127        18       640         0         0         0         0         0         0         0
     36/49     4.84G  0.006145  0.009912   0.04496   0.06102        24       640         0         0         0         0         0         0         0
     37/49     4.84G  0.005929  0.009771   0.04496   0.06066        18       640         0         0         0         0         0         0         0
     38/49     4.84G   0.00586  0.009663   0.04494   0.06047        12       640         0         0         0         0         0         0         0
     39/49     4.84G  0.005804  0.009732   0.04495   0.06049        15       640         0         0         0         0         0         0         0
     40/49     4.84G  0.005648  0.009667   0.04495   0.06027        13       640         0         0         0         0         0         0         0
     41/49     4.84G  0.005665   0.00985   0.04494   0.06046        21       640         0         0         0         0         0         0         0
     42/49     4.84G  0.005662  0.009785   0.04495    0.0604        13       640         0         0         0         0         0         0         0
     43/49     4.84G  0.005632  0.009716   0.04495    0.0603        19       640         0         0         0         0         0         0         0
     44/49     4.84G  0.005366   0.00932   0.04494   0.05962        21       640         0         0         0         0         0         0         0
     45/49     4.84G  0.005399  0.009677   0.04495   0.06002        18       640         0         0         0         0         0         0         0
     46/49     4.84G  0.005377  0.009529   0.04494   0.05985        16       640         0         0         0         0         0         0         0
     47/49     4.84G  0.005372  0.009636   0.04494   0.05995        19       640         0         0         0         0         0         0         0
     48/49     4.84G  0.005238  0.009343   0.04494   0.05952        14       640         0         0         0         0         0         0         0
     49/49     4.84G  0.005069  0.009158   0.04495   0.05918        19       640    0.2002    0.9979    0.2253    0.2216  0.005553   0.01168   0.04493
      0/49      1.8G   0.06816   0.03726   0.05465    0.1601        12       640         0         0         0         0         0         0         0
      1/49     4.84G   0.02715   0.03529   0.05217    0.1146        13       640         0         0         0         0         0         0         0
      2/49     4.84G   0.02955    0.0264   0.05213    0.1081        12       640         0         0         0         0         0         0         0
      3/49     4.84G   0.03214   0.02314   0.05208    0.1074        14       640         0         0         0         0         0         0         0
      4/49     4.84G   0.02852   0.02057   0.05201    0.1011        12       640         0         0         0         0         0         0         0
      5/49     4.84G   0.02409   0.01827   0.05198   0.09434        12       640         0         0         0         0         0         0         0
      6/49     4.84G   0.02117   0.01666   0.05198    0.0898        13       640         0         0         0         0         0         0         0
      7/49     4.84G   0.01939   0.01572   0.05197   0.08708        12       640         0         0         0         0         0         0         0
      8/49     4.84G   0.01809   0.01477   0.05198   0.08483        12       640         0         0         0         0         0         0         0
      9/49     4.84G   0.01697   0.01403   0.05194   0.08294        18       640         0         0         0         0         0         0         0
     10/49     4.84G   0.01565   0.01372   0.05194   0.08131        12       640         0         0         0         0         0         0         0
     11/49     4.84G   0.01558   0.01339   0.05194   0.08091        20       640         0         0         0         0         0         0         0
     12/49     4.84G    0.0143   0.01315   0.05194   0.07939        15       640         0         0         0         0         0         0         0
     13/49     4.84G   0.01435   0.01251   0.05194   0.07879        13       640         0         0         0         0         0         0         0
     14/49     4.84G    0.0137   0.01157    0.0519   0.07718        15       640         0         0         0         0         0         0         0
     15/49     4.84G   0.01319    0.0114   0.05193   0.07652        14       640         0         0         0         0         0         0         0
     16/49     4.84G   0.01279    0.0112    0.0519    0.0759        19       640         0         0         0         0         0         0         0
     17/49     4.84G   0.01215   0.01092   0.05189   0.07496        12       640         0         0         0         0         0         0         0
     18/49     4.84G   0.01211    0.0109    0.0519   0.07491        13       640         0         0         0         0         0         0         0
     19/49     4.84G   0.01166   0.01051   0.05191   0.07408        12       640         0         0         0         0         0         0         0
     20/49     4.84G   0.01109   0.01045   0.05191   0.07345        13       640         0         0         0         0         0         0         0
     21/49     4.84G   0.01059   0.01033   0.05189   0.07281        18       640         0         0         0         0         0         0         0
     22/49     4.84G   0.01034   0.01005   0.05191    0.0723        19       640         0         0         0         0         0         0         0
     23/49     4.84G    0.0101  0.009848   0.05188   0.07183        12       640         0         0         0         0         0         0         0
     24/49     4.84G  0.009449   0.00988   0.05188   0.07121        12       640         0         0         0         0         0         0         0
     25/49     4.84G   0.00993  0.009884   0.05188   0.07169        12       640         0         0         0         0         0         0         0
     26/49     4.84G  0.009461  0.009549   0.05189   0.07089        15       640         0         0         0         0         0         0         0
     27/49     4.84G  0.008961  0.009458   0.05188    0.0703        17       640         0         0         0         0         0         0         0
     28/49     4.84G  0.009295  0.009203   0.05186   0.07036        14       640         0         0         0         0         0         0         0
     29/49     4.84G  0.008835  0.009083   0.05189   0.06981        20       640         0         0         0         0         0         0         0
     30/49     4.84G  0.008426  0.008965   0.05188   0.06927        18       640         0         0         0         0         0         0         0
     31/49     4.84G  0.008462   0.00878   0.05188   0.06912        15       640         0         0         0         0         0         0         0
     32/49     4.84G  0.007957  0.008729   0.05188   0.06856        18       640         0         0         0         0         0         0         0
     33/49     4.84G  0.007658  0.008376   0.05187    0.0679        12       640         0         0         0         0         0         0         0
     34/49     4.84G  0.007746   0.00856   0.05187   0.06818        12       640         0         0         0         0         0         0         0
     35/49     4.84G  0.007484   0.00824   0.05187   0.06759        12       640         0         0         0         0         0         0         0
     36/49     4.84G  0.007367  0.008398   0.05187   0.06764        14       640         0         0         0         0         0         0         0
     37/49     4.84G  0.007435  0.008518   0.05187   0.06782        12       640         0         0         0         0         0         0         0
     38/49     4.84G  0.006884  0.008192   0.05188   0.06696        12       640         0         0         0         0         0         0         0
     39/49     4.84G  0.006894  0.008301   0.05188   0.06708        13       640         0         0         0         0         0         0         0
     40/49     4.84G  0.006589  0.007992   0.05187   0.06645        19       640         0         0         0         0         0         0         0
     41/49     4.84G  0.006597  0.008164   0.05188   0.06664        15       640         0         0         0         0         0         0         0
     42/49     4.84G  0.006499  0.007926   0.05188    0.0663        12       640         0         0         0         0         0         0         0
     43/49     4.84G  0.006435  0.008056    0.0519   0.06639        13       640         0         0         0         0         0         0         0
     44/49     4.84G  0.006319  0.007967   0.05186   0.06615        15       640         0         0         0         0         0         0         0
     45/49     4.84G  0.006171  0.007913   0.05186   0.06595        18       640         0         0         0         0         0         0         0
     46/49     4.84G  0.006206  0.007807   0.05189    0.0659        14       640         0         0         0         0         0         0         0
     47/49     4.84G  0.005958  0.007789   0.05188   0.06563        13       640         0         0         0         0         0         0         0
     48/49     4.84G  0.005898  0.007668   0.05187   0.06543        16       640         0         0         0         0         0         0         0
     49/49     4.84G  0.006362  0.007928   0.05187   0.06616        20       640    0.2002    0.9974    0.2158    0.2135  0.005791   0.01117   0.05183
      0/49     4.83G   0.05705   0.03722   0.05017    0.1444        19       640         0         0         0         0         0         0         0
      1/49     4.83G   0.02649   0.04572    0.0474    0.1196        19       640         0         0         0         0         0         0         0
      2/49     4.84G   0.02035    0.0396   0.04716    0.1071        15       640         0         0         0         0         0         0         0
      3/49     4.84G   0.02034   0.03328    0.0471    0.1007        12       640         0         0         0         0         0         0         0
      4/49     4.84G   0.02042   0.02817   0.04704   0.09563        18       640         0         0         0         0         0         0         0
      5/49     4.84G   0.01984   0.02514   0.04702   0.09201        12       640         0         0         0         0         0         0         0
      6/49     4.84G   0.01779   0.02319   0.04692    0.0879        16       640         0         0         0         0         0         0         0
      7/49     4.84G   0.01627   0.02167   0.04688   0.08483        17       640         0         0         0         0         0         0         0
      8/49     4.84G   0.01531   0.02051   0.04687   0.08269        23       640         0         0         0         0         0         0         0
      9/49     4.84G   0.01476   0.01978   0.04683   0.08138        14       640         0         0         0         0         0         0         0
     10/49     4.84G   0.01395    0.0191   0.04683   0.07988        13       640         0         0         0         0         0         0         0
     11/49     4.84G   0.01347   0.01839   0.04681   0.07867        12       640         0         0         0         0         0         0         0
     12/49     4.84G   0.01285   0.01767    0.0468   0.07732        15       640         0         0         0         0         0         0         0
     13/49     4.84G   0.01236   0.01729   0.04677   0.07641        16       640         0         0         0         0         0         0         0
     14/49     4.84G   0.01167   0.01716   0.04677    0.0756        15       640         0         0         0         0         0         0         0
     15/49     4.84G   0.01152   0.01686   0.04677   0.07514        12       640         0         0         0         0         0         0         0
     16/49     4.84G   0.01104   0.01633   0.04676   0.07413        20       640         0         0         0         0         0         0         0
     17/49     4.84G   0.01039   0.01585   0.04675   0.07298        12       640         0         0         0         0         0         0         0
     18/49     4.84G   0.01014   0.01598   0.04674   0.07287        17       640         0         0         0         0         0         0         0
     19/49     4.84G  0.009743    0.0158   0.04675    0.0723        16       640         0         0         0         0         0         0         0
     20/49     4.84G  0.009732   0.01553   0.04673     0.072        12       640         0         0         0         0         0         0         0
     21/49     4.84G  0.009486   0.01514   0.04673   0.07136        15       640         0         0         0         0         0         0         0
     22/49     4.84G  0.009334   0.01484   0.04674   0.07091        16       640         0         0         0         0         0         0         0
     23/49     4.84G  0.009243   0.01503   0.04673   0.07101        15       640         0         0         0         0         0         0         0
     24/49     4.84G  0.008486   0.01466   0.04673   0.06988        14       640         0         0         0         0         0         0         0
     25/49     4.84G  0.008407   0.01456   0.04674    0.0697        14       640         0         0         0         0         0         0         0
     26/49     4.84G   0.00821   0.01432   0.04673   0.06926        16       640         0         0         0         0         0         0         0
     27/49     4.84G  0.007801   0.01436   0.04673   0.06888        20       640         0         0         0         0         0         0         0
