     0/299    0.447G   0.03364  0.003489  0.007677   0.04481        37       640    0.1818     0.599     0.184    0.1087  0.009715 0.0005891  0.003149
     1/299      2.6G    0.0207  0.002675  0.006353   0.02972        45       640    0.1987    0.9864    0.2136    0.1708  0.008194 0.0004563  0.003015
     2/299     2.83G   0.01843   0.00233   0.00634    0.0271        48       640    0.1998    0.9984    0.2148     0.175  0.006295 0.0005069  0.002992
     3/299     2.84G   0.01578  0.002104  0.006278   0.02416        35       640    0.2013    0.9759    0.2114    0.1627  0.007119 0.0004136  0.002994
     4/299     2.84G   0.01352  0.001913   0.00611   0.02154        50       640    0.2003    0.9942    0.2131    0.1796  0.006139 0.0004868  0.002981
     5/299     2.84G   0.01288  0.001801  0.006146   0.02083        37       640    0.2007    0.9857    0.2142    0.1584   0.00756 0.0005429  0.002989
     6/299     2.84G   0.01174  0.001731  0.006018   0.01949        47       640    0.2008     0.986    0.2119    0.1766  0.005584 0.0006184  0.002972
     7/299     2.84G   0.01162  0.001663  0.006059   0.01935        43       640    0.1999    0.9995    0.2118    0.1671  0.007393 0.0004323  0.002981
     8/299     2.84G   0.01116  0.001589  0.006118   0.01887        32       640       0.2    0.9991    0.2142    0.1742  0.006757 0.0004191  0.002978
     9/299     2.84G   0.01121  0.001615  0.006104   0.01892        45       640    0.2014    0.9785    0.2117    0.1836  0.004831 0.0005392   0.00298
    10/299     2.84G   0.01067  0.001539  0.006017   0.01823        39       640    0.1999    0.9994    0.2124    0.1814  0.006081 0.0005415  0.002982
    11/299     2.84G   0.01006  0.001538  0.006008   0.01761        34       640    0.2016    0.9626    0.2186    0.1832  0.005627 0.0004344  0.002976
    12/299     2.84G   0.01028  0.001509  0.006044   0.01784        42       640    0.1999    0.9995    0.2151    0.1809  0.005551 0.0004673  0.002975
    13/299     2.84G   0.01002  0.001476  0.006053   0.01754        48       640       0.2    0.9984    0.2135    0.1686   0.00708 0.0005337   0.00297
    14/299     2.84G    0.0102  0.001476  0.006083   0.01776        44       640    0.1999     0.999    0.2177    0.1949  0.004452 0.0005474  0.002973
    15/299     2.84G  0.009917  0.001465  0.006055   0.01744        47       640       0.2    0.9982    0.2149     0.178  0.006093 0.0004885  0.002976
    16/299     2.84G  0.009659  0.001426  0.006042   0.01713        42       640    0.2004    0.9895    0.2166     0.184  0.005539 0.0004412  0.002977
    17/299     2.84G  0.009357  0.001416  0.006041   0.01681        49       640    0.2001    0.9979    0.2168    0.1908    0.0054 0.0004748  0.002971
    18/299     2.84G  0.009683  0.001427  0.006035   0.01714        51       640    0.2002    0.9957    0.2143    0.1935  0.004263 0.0004745  0.002973
    19/299     2.84G  0.009292  0.001399  0.006011    0.0167        47       640    0.1999    0.9995    0.2174    0.1946  0.004851 0.0005143  0.002975
    20/299     2.84G  0.009227  0.001395  0.006035   0.01666        40       640       0.2    0.9975    0.2138    0.1874  0.004814 0.0005146  0.002967
    21/299     2.84G  0.009687  0.001391  0.006091   0.01717        44       640    0.2001    0.9987    0.2165    0.1901  0.005125 0.0004968  0.002975
    22/299     2.85G  0.009587  0.001353  0.006085   0.01703        35       640       0.2    0.9974    0.2167     0.186  0.005409  0.000545  0.002966
    23/299     2.85G  0.009185  0.001352  0.006084   0.01662        41       640       0.2    0.9979    0.2135    0.1902  0.004612 0.0005334  0.002967
    24/299     2.85G  0.009283  0.001363   0.00604   0.01669        47       640    0.1999    0.9995    0.2173    0.1877  0.005067 0.0004678  0.002964
    25/299     2.85G  0.008995  0.001354  0.006068   0.01642        37       640    0.2003    0.9927    0.2169    0.1957  0.004462 0.0006269  0.002962
    26/299     2.85G  0.008873   0.00132  0.006057   0.01625        54       640    0.1999    0.9995     0.215    0.1921  0.004441 0.0005456  0.002966
    27/299     2.85G  0.008834  0.001316  0.006005   0.01616        46       640    0.2001    0.9979    0.2162    0.1964  0.003971 0.0005321  0.002969
    28/299     2.85G  0.008812  0.001307  0.006107   0.01623        39       640    0.2003     0.993     0.218    0.1976  0.004197 0.0005547  0.002967
    29/299     2.85G  0.008696  0.001311  0.006052   0.01606        32       640    0.2002    0.9948    0.2201    0.1971  0.004218 0.0004836  0.002962
    30/299     2.85G  0.008389  0.001303  0.005979   0.01567        35       640    0.2001    0.9969    0.2195    0.1986  0.004232 0.0004635  0.002972
    31/299     2.85G  0.008505  0.001288  0.006033   0.01583        32       640       0.2    0.9981    0.2175    0.1959  0.004131 0.0005349  0.002964
    32/299     2.85G  0.008733  0.001269  0.006023   0.01602        41       640    0.2002    0.9961    0.2203    0.1918  0.005009 0.0005623  0.002967
    33/299     2.85G  0.008721  0.001282  0.006059   0.01606        42       640    0.2001    0.9983    0.2202    0.2021  0.004024 0.0004937  0.002969
    34/299     2.85G  0.008475  0.001282  0.006043    0.0158        40       640    0.2003    0.9963    0.2188    0.1955  0.004562 0.0004925  0.002966
    35/299     2.85G  0.008295  0.001282  0.006025    0.0156        47       640       0.2     0.999    0.2238    0.2025  0.004151 0.0005013   0.00297
    36/299     2.85G  0.008618  0.001262  0.006061   0.01594        41       640    0.2003    0.9958    0.2175    0.1942  0.004413 0.0004992  0.002968
    37/299     2.85G  0.008073  0.001276  0.006009   0.01536        39       640    0.2005     0.989    0.2185    0.1904   0.00529 0.0006404  0.002967
    38/299     2.85G  0.008089  0.001251   0.00599   0.01533        37       640    0.2005    0.9948     0.221    0.1967  0.004627 0.0005204   0.00297
    39/299     2.85G  0.008615  0.001239  0.006041   0.01589        44       640       0.2    0.9969    0.2234    0.1989   0.00467 0.0005637  0.002971
    40/299     2.85G  0.008508   0.00127   0.00609   0.01587        41       640    0.2002    0.9973    0.2203     0.202  0.003647 0.0004503  0.002968
    41/299     2.85G  0.008193  0.001258  0.005998   0.01545        39       640    0.1999    0.9989    0.2186    0.1975  0.004368 0.0004737  0.002969
    42/299     2.85G  0.007974  0.001227   0.00604   0.01524        37       640    0.1999    0.9995    0.2199    0.1954  0.004527 0.0004729  0.002964
    43/299     2.85G  0.008143  0.001241  0.006056   0.01544        34       640       0.2    0.9983    0.2218    0.1979  0.004825 0.0005706  0.002958
    44/299     2.85G  0.007903  0.001226  0.006001   0.01513        38       640    0.2003    0.9958    0.2239    0.2004  0.004338  0.000572  0.002962
    45/299     2.85G  0.008079  0.001249  0.006001   0.01533        54       640       0.2    0.9979    0.2217    0.2039  0.003936 0.0005228  0.002969
    46/299     2.85G   0.00754  0.001218  0.005961   0.01472        54       640    0.2002    0.9972    0.2262    0.2064  0.004019 0.0005238  0.002961
    47/299     2.85G  0.007837  0.001234  0.005975   0.01505        30       640    0.2004     0.996    0.2218    0.1996  0.004194 0.0005376   0.00296
    48/299     2.85G  0.008133  0.001217  0.006068   0.01542        47       640    0.2002    0.9948    0.2274    0.2059  0.004087 0.0005392  0.002957
    49/299     2.85G  0.008112  0.001197  0.006017   0.01533        36       640    0.2004    0.9966    0.2298    0.2072  0.004372 0.0005419  0.002952
    50/299     2.85G  0.007757  0.001224  0.005969   0.01495        43       640    0.2007    0.9897    0.2278     0.212  0.003793 0.0005993  0.002952
    51/299     2.85G  0.007878  0.001195  0.005996   0.01507        45       640    0.2006    0.9906    0.2322    0.2099  0.004199 0.0006175  0.002956
    52/299     2.85G   0.00801  0.001216   0.00602   0.01525        39       640    0.2036    0.9529    0.2349    0.2123   0.00441   0.00053  0.002942
    53/299     2.85G  0.008063  0.001205  0.006019   0.01529        47       640    0.2103    0.8749    0.2368    0.2107  0.004382 0.0005302  0.002937
    54/299     2.85G  0.007999  0.001223  0.005985   0.01521        48       640    0.2024    0.9759    0.2417    0.2142  0.004515 0.0005658  0.002947
    55/299     2.85G  0.007494  0.001187  0.005939   0.01462        43       640      0.22    0.8487    0.2513    0.2304  0.003621 0.0004587  0.002916
    56/299     2.85G  0.007898  0.001187  0.006048   0.01513        47       640    0.2168    0.8712    0.2619     0.231  0.004594 0.0005138  0.002915
    57/299     2.85G  0.008227  0.001211  0.006003   0.01544        52       640    0.2296    0.8435     0.275    0.2486  0.004111 0.0005027  0.002886
    58/299     2.85G   0.00784    0.0012   0.00599   0.01503        44       640    0.2325    0.8555    0.2828    0.2526  0.004454  0.000504   0.00288
    59/299     2.85G   0.00742  0.001172  0.005967   0.01456        38       640    0.2429    0.8351    0.2927    0.2635  0.003935 0.0005463  0.002861
    60/299     2.85G  0.007731  0.001195   0.00594   0.01487        47       640    0.2631     0.697     0.301    0.2692  0.004407 0.0005564  0.002853
    61/299     2.85G  0.007469  0.001171  0.005929   0.01457        43       640    0.2585    0.7639    0.3015    0.2715  0.004384 0.0005668  0.002848
    62/299     2.85G  0.007951  0.001205  0.005964   0.01512        46       640    0.2601    0.7416    0.3015    0.2757  0.003751 0.0004992  0.002845
    63/299     2.85G   0.00755  0.001188  0.005931   0.01467        39       640    0.2585    0.7366    0.3067    0.2778  0.003889 0.0005258  0.002842
    64/299     2.85G  0.007554  0.001171  0.005938   0.01466        49       640    0.2755    0.6474     0.311    0.2852  0.003667 0.0005023  0.002822
    65/299     2.85G  0.007515  0.001181  0.005879   0.01457        42       640    0.2559    0.7897    0.3087    0.2805  0.004004 0.0004061  0.002828
    66/299     2.85G  0.007941  0.001202   0.00593   0.01507        47       640    0.2679    0.7886    0.3216    0.2865  0.004523 0.0005405  0.002819
    67/299     2.85G  0.007355  0.001172  0.005923   0.01445        39       640    0.2743    0.7003    0.3136    0.2824  0.004047 0.0004445  0.002822
    68/299     2.85G  0.007615  0.001183  0.005912   0.01471        39       640    0.2642    0.7668    0.3123    0.2828  0.004079 0.0004778  0.002822
    69/299     2.85G  0.008309  0.001185  0.006012   0.01551        36       640    0.2731    0.7709    0.3299    0.2947  0.004209 0.0005039  0.002801
    70/299     2.85G  0.007375  0.001176  0.005859   0.01441        46       640    0.2769     0.825    0.3283    0.2934  0.004122 0.0005172  0.002799
    71/299     2.85G  0.007659  0.001187  0.005855    0.0147        38       640    0.2821    0.7173     0.321    0.2901  0.003974 0.0004637  0.002792
    72/299     2.85G  0.007482  0.001166  0.005871   0.01452        50       640    0.2788    0.7767      0.33    0.3015  0.003743 0.0004851  0.002778
    73/299     2.85G   0.00719  0.001168  0.005824   0.01418        38       640    0.2853    0.7846    0.3351    0.2997  0.004132 0.0005486  0.002786
    74/299     2.85G  0.007157  0.001154  0.005834   0.01414        32       640    0.2892    0.7535    0.3327     0.303  0.003858 0.0004658  0.002772
    75/299     2.85G  0.007385  0.001166   0.00589   0.01444        41       640    0.2871    0.7553    0.3368    0.3038   0.00415 0.0004588  0.002769
    76/299     2.85G  0.006998  0.001157  0.005793   0.01395        30       640    0.2838    0.8241    0.3466    0.3117  0.004323 0.0004769  0.002764
    77/299     2.85G  0.007177  0.001163   0.00579   0.01413        37       640    0.2897    0.7866    0.3414     0.308  0.004182 0.0004569  0.002766
    78/299     2.85G  0.007695  0.001179  0.005942   0.01482        35       640    0.2819    0.8296     0.342    0.3071  0.004071 0.0005185   0.00275
    79/299     2.85G  0.007666  0.001178  0.005827   0.01467        52       640    0.2869     0.814    0.3424    0.3098  0.004067 0.0005193  0.002781
    80/299     2.85G  0.007437  0.001176  0.005837   0.01445        41       640    0.2959    0.8131    0.3498    0.3162  0.004047 0.0005364   0.00277
    81/299     2.85G  0.007279  0.001141  0.005833   0.01425        45       640    0.3065    0.7136    0.3479    0.3196  0.003854 0.0005041  0.002754
    82/299     2.85G  0.007635  0.001157  0.005809    0.0146        33       640    0.2939    0.7707    0.3466    0.3184  0.003874  0.000478  0.002751
    83/299     2.85G  0.007614  0.001156  0.005776   0.01455        42       640    0.3012    0.7623    0.3532    0.3193  0.004169 0.0004829  0.002743
    84/299     2.85G   0.00724  0.001148   0.00582   0.01421        40       640    0.3008    0.7764    0.3531    0.3203  0.003979 0.0004753  0.002739
    85/299     2.85G  0.007281  0.001142  0.005732   0.01416        46       640    0.3061    0.7312    0.3527    0.3184  0.003962 0.0004614  0.002737
    86/299     2.85G  0.007388  0.001135  0.005747   0.01427        43       640    0.3052    0.7867    0.3575    0.3229  0.004108 0.0004277   0.00273
    87/299     2.85G   0.00744  0.001139  0.005766   0.01434        40       640    0.2982    0.7621    0.3515    0.3212  0.003842 0.0004407   0.00273
    88/299     2.85G  0.007225  0.001135  0.005722   0.01408        42       640    0.2949    0.7978    0.3537    0.3228  0.003963 0.0004474  0.002712
    89/299     2.85G  0.007357  0.001123  0.005693   0.01417        50       640    0.2975    0.7946    0.3566    0.3288  0.003812 0.0004114  0.002709
    90/299     2.85G  0.007013  0.001135  0.005675   0.01382        39       640    0.3175    0.6953    0.3593    0.3263  0.004105 0.0004384  0.002703
    91/299     2.85G  0.007506  0.001138  0.005716   0.01436        50       640    0.2984    0.7963     0.364    0.3281  0.004151 0.0004472    0.0027
    92/299     2.85G  0.007514  0.001135   0.00576   0.01441        50       640    0.3141    0.7355    0.3716    0.3342  0.004308 0.0005066  0.002685
    93/299     2.85G  0.006928  0.001111  0.005685   0.01372        47       640    0.3116     0.778    0.3675    0.3318    0.0041 0.0005018  0.002687
    94/299     2.85G  0.007559  0.001139    0.0058    0.0145        35       640     0.306    0.8108    0.3705    0.3383   0.00381 0.0004669  0.002682
    95/299     2.85G  0.006951  0.001137  0.005675   0.01376        42       640    0.3219    0.7644    0.3804    0.3465  0.003877  0.000479   0.00268
    96/299     2.85G  0.007026  0.001126  0.005683   0.01383        46       640    0.3183    0.7487    0.3757    0.3435  0.003761 0.0004567   0.00267
    97/299     2.85G  0.007379  0.001132   0.00572   0.01423        44       640    0.3291    0.7205    0.3798    0.3492  0.003683 0.0004637  0.002663
    98/299     2.85G  0.007106  0.001114  0.005656   0.01388        40       640    0.3194    0.7812    0.3827      0.35  0.003759 0.0004604  0.002666
    99/299     2.85G   0.00722  0.001115  0.005695   0.01403        45       640    0.3262    0.7592     0.383    0.3479  0.003915 0.0005098  0.002661
   100/299     2.85G  0.006653  0.001112  0.005589   0.01335        42       640    0.3214     0.808    0.3873    0.3513  0.003986 0.0005182  0.002655
   101/299     2.85G  0.006813  0.001103  0.005626   0.01354        40       640    0.3155    0.8458    0.3861    0.3509  0.003978 0.0004899  0.002654
   102/299     2.85G  0.007163  0.001101  0.005698   0.01396        42       640    0.3332    0.7366    0.3887    0.3539  0.003934 0.0005015  0.002653
   103/299     2.85G  0.006753  0.001119  0.005576   0.01345        48       640    0.3355    0.7035    0.3924    0.3569  0.003976  0.000478  0.002638
   104/299     2.85G  0.007007  0.001131  0.005617   0.01375        41       640    0.3361    0.7135     0.393    0.3587  0.003895  0.000491  0.002637
   105/299     2.85G  0.006897  0.001094  0.005627   0.01362        41       640    0.3333    0.7469     0.398    0.3635   0.00386 0.0004841  0.002632
   106/299     2.85G  0.007112  0.001111  0.005654   0.01388        42       640    0.3323    0.7908    0.3985    0.3623  0.003916 0.0005147  0.002636
   107/299     2.85G  0.006961  0.001113  0.005675   0.01375        40       640    0.3281    0.7864    0.3995     0.364  0.003906 0.0004995  0.002635
   108/299     2.85G  0.006886   0.00111  0.005594   0.01359        41       640    0.3304    0.7636    0.4004    0.3655  0.003896 0.0004584  0.002628
   109/299     2.85G  0.006602  0.001102  0.005535   0.01324        41       640    0.3266    0.7853    0.4021     0.367  0.003954 0.0004611  0.002629
   110/299     2.85G  0.006975  0.001107  0.005617    0.0137        30       640    0.3535    0.6652    0.3982    0.3625  0.003971   0.00046  0.002629
   111/299     2.85G  0.006971  0.001093  0.005602   0.01367        31       640    0.3398     0.723    0.3999    0.3659  0.003837 0.0004778  0.002629
   112/299     2.85G   0.00731  0.001102  0.005669   0.01408        40       640    0.3387    0.7442    0.4009    0.3674  0.003821 0.0004449  0.002637
   113/299     2.85G   0.00692  0.001068  0.005591   0.01358        44       640     0.333    0.7675    0.4024    0.3674  0.003841 0.0004606  0.002637
   114/299     2.85G  0.006748  0.001099  0.005627   0.01347        47       640    0.3312    0.7915    0.4032    0.3664  0.003867 0.0004555  0.002631
   115/299     2.85G  0.006572  0.001088  0.005581   0.01324        35       640    0.3485    0.7039    0.4062      0.37  0.003866  0.000449  0.002622
   116/299     2.85G  0.006776  0.001097   0.00563    0.0135        33       640    0.3455    0.7084    0.4071    0.3732  0.003809 0.0004643   0.00262
   117/299     2.85G  0.006844  0.001076   0.00562   0.01354        46       640    0.3328    0.7768    0.4083    0.3768  0.003666 0.0004756  0.002616
   118/299     2.85G  0.006896  0.001113  0.005596   0.01361        42       640     0.339    0.7812     0.409    0.3815  0.003472 0.0004754  0.002619
   119/299     2.85G  0.006679  0.001116  0.005544   0.01334        44       640    0.3441    0.7366    0.4089    0.3775  0.003582 0.0004651  0.002616
   120/299     2.85G  0.006636  0.001075  0.005592    0.0133        40       640    0.3276    0.8277    0.4084    0.3797  0.003503 0.0004394  0.002613
   121/299     2.85G  0.007031  0.001094  0.005666   0.01379        37       640    0.3302    0.8115    0.4097    0.3784   0.00364 0.0004393   0.00261
   122/299     2.85G  0.006496  0.001091  0.005553   0.01314        31       640    0.3287    0.8263    0.4094    0.3777  0.003627 0.0004477  0.002603
   123/299     2.85G  0.007173  0.001117  0.005692   0.01398        38       640    0.3411    0.7699    0.4111    0.3789  0.003691 0.0004424    0.0026
   124/299     2.85G  0.006665  0.001078  0.005542   0.01329        48       640    0.3363     0.801    0.4112    0.3829   0.00358 0.0004576  0.002606
   125/299     2.85G  0.006999  0.001087  0.005655   0.01374        38       640      0.34    0.7791    0.4117    0.3835  0.003571 0.0004513  0.002605
   126/299     2.85G  0.006837  0.001106  0.005554    0.0135        40       640    0.3374    0.7773    0.4117    0.3824  0.003568 0.0004424  0.002598
   127/299     2.85G  0.006219  0.001062  0.005526   0.01281        34       640    0.3518    0.7165    0.4132    0.3832  0.003581  0.000446  0.002603
   128/299     2.85G  0.006427  0.001098  0.005551   0.01308        40       640    0.3602     0.703    0.4163    0.3859  0.003568 0.0004423  0.002599
   129/299     2.85G   0.00654  0.001085  0.005552   0.01318        41       640    0.3598    0.7009    0.4176    0.3875  0.003554 0.0004472    0.0026
   130/299     2.85G  0.006537  0.001071  0.005517   0.01313        35       640    0.3332     0.811    0.4168    0.3858  0.003602 0.0004479  0.002591
   131/299     2.85G  0.006737  0.001066  0.005585   0.01339        33       640    0.3418    0.7633    0.4177    0.3865  0.003625   0.00045  0.002587
   132/299     2.85G  0.006241  0.001037  0.005533   0.01281        46       640    0.3428    0.7571    0.4191    0.3875  0.003648 0.0004574  0.002586
   133/299     2.85G  0.006612  0.001054  0.005553   0.01322        37       640    0.3486    0.7393    0.4197    0.3872  0.003689 0.0004618  0.002587
   134/299     2.85G  0.006866  0.001078  0.005546   0.01349        48       640    0.3361    0.8112    0.4207    0.3891  0.003614 0.0004668  0.002586
   135/299     2.85G  0.006582  0.001068  0.005593   0.01324        43       640    0.3506    0.7454    0.4228    0.3897  0.003663 0.0004719  0.002582
   136/299     2.85G  0.007035  0.001086   0.00559   0.01371        36       640    0.3504    0.7526    0.4238     0.389   0.00373 0.0004785  0.002581
   137/299     2.85G  0.006312  0.001092  0.005494    0.0129        53       640    0.3493    0.7505    0.4251      0.39  0.003764 0.0004826  0.002582
   138/299     2.85G  0.006688  0.001076  0.005542   0.01331        55       640     0.347    0.7731    0.4265    0.3912  0.003765 0.0004768  0.002583
   139/299     2.85G  0.006493  0.001051  0.005549   0.01309        38       640    0.3487    0.7602    0.4257     0.391  0.003736 0.0004708  0.002586
   140/299     2.85G  0.006415  0.001075  0.005517   0.01301        41       640    0.3595    0.7158    0.4262    0.3914  0.003763 0.0004688  0.002583
   141/299     2.85G  0.006678  0.001072  0.005559   0.01331        54       640    0.3474    0.7696    0.4271    0.3914  0.003771 0.0004705  0.002578
   142/299     2.85G   0.00686  0.001044  0.005629   0.01353        47       640    0.3468    0.7759    0.4268    0.3922  0.003729 0.0004682  0.002578
   143/299     2.85G  0.006368  0.001069  0.005569   0.01301        43       640    0.3485    0.7703    0.4284    0.3929  0.003765 0.0004677  0.002575
   144/299     2.85G  0.006307  0.001034  0.005513   0.01285        48       640     0.358    0.7354    0.4295    0.3942  0.003739 0.0004669  0.002572
   145/299     2.85G  0.006591  0.001063  0.005543    0.0132        49       640    0.3437    0.7908    0.4297    0.3947  0.003715 0.0004703  0.002574
   146/299     2.85G  0.006323  0.001042  0.005494   0.01286        41       640    0.3522     0.756    0.4306    0.3957  0.003692 0.0004787  0.002573
   147/299     2.85G    0.0063  0.001046  0.005519   0.01287        45       640    0.3504    0.7728    0.4316    0.3969   0.00369 0.0004799  0.002572
   148/299     2.85G  0.006617  0.001051  0.005578   0.01325        35       640    0.3518    0.7641    0.4323    0.3978  0.003682 0.0004779  0.002571
   149/299     2.85G  0.006147  0.001032  0.005509   0.01269        31       640    0.3558    0.7489    0.4329    0.3985   0.00367 0.0004724  0.002569
   150/299     2.85G  0.006159  0.001057  0.005504   0.01272        48       640    0.3569    0.7513    0.4337    0.3996  0.003654 0.0004738  0.002568
   151/299     2.85G  0.006273  0.001043  0.005562   0.01288        42       640    0.3563    0.7545    0.4346    0.4011   0.00366 0.0004756  0.002568
   152/299     2.85G  0.006664  0.001042  0.005573   0.01328        47       640     0.361    0.7368    0.4345    0.4017  0.003635 0.0004769  0.002567
   153/299     2.85G  0.006507  0.001041  0.005501   0.01305        45       640    0.3534    0.7693    0.4352    0.4031  0.003613 0.0004778  0.002564
   154/299     2.85G  0.006543  0.001049  0.005529   0.01312        40       640    0.3576    0.7548    0.4365     0.405   0.00358 0.0004746  0.002563
   155/299     2.85G  0.006398  0.001034  0.005526   0.01296        41       640    0.3531    0.7738    0.4381    0.4063  0.003586 0.0004697  0.002563
   156/299     2.85G   0.00617  0.001035  0.005479   0.01268        42       640    0.3591    0.7512    0.4388    0.4075  0.003575 0.0004699  0.002562
   157/299     2.85G  0.006071  0.001049  0.005448   0.01257        39       640    0.3609     0.747    0.4392    0.4079  0.003553 0.0004674  0.002562
   158/299     2.85G  0.006162   0.00103    0.0055   0.01269        44       640    0.3536    0.7772    0.4398    0.4084  0.003539 0.0004654  0.002562
   159/299     2.85G  0.006154  0.001016  0.005448   0.01262        42       640    0.3547    0.7707    0.4401    0.4088  0.003527 0.0004661  0.002563
   160/299     2.85G  0.006332  0.001021  0.005553   0.01291        39       640     0.365    0.7361    0.4397    0.4085  0.003516 0.0004635   0.00256
   161/299     2.85G   0.00605  0.001028  0.005438   0.01252        36       640    0.3665      0.73    0.4408    0.4097    0.0035 0.0004616  0.002559
   162/299     2.85G  0.006322  0.001027  0.005441   0.01279        55       640    0.3618    0.7445    0.4415    0.4103  0.003503 0.0004645  0.002558
   163/299     2.85G  0.006307   0.00103  0.005549   0.01289        52       640    0.3544    0.7748    0.4418    0.4103  0.003517 0.0004655  0.002556
   164/299     2.85G  0.006026  0.001009  0.005483   0.01252        44       640    0.3504    0.7983     0.442    0.4108  0.003504 0.0004645  0.002553
   165/299     2.85G  0.005861  0.001017  0.005467   0.01234        40       640    0.3533    0.7849    0.4424    0.4117  0.003481 0.0004637  0.002551
   166/299     2.85G  0.006076  0.001017    0.0055   0.01259        42       640    0.3487    0.8157    0.4422    0.4115  0.003485 0.0004612  0.002551
   167/299     2.85G  0.005966  0.001018  0.005444   0.01243        47       640     0.349    0.8147    0.4426    0.4119  0.003487 0.0004597  0.002549
   168/299     2.85G  0.006652  0.001017  0.005522   0.01319        45       640    0.3557    0.7864    0.4428    0.4118  0.003485 0.0004592  0.002546
   169/299     2.85G  0.006296   0.00102  0.005503   0.01282        39       640    0.3579    0.7754    0.4432    0.4125  0.003483 0.0004591  0.002545
   170/299     2.85G  0.006035  0.001015  0.005476   0.01253        45       640    0.3573    0.7822    0.4439     0.413  0.003473 0.0004587  0.002544
   171/299     2.85G  0.006158  0.001013  0.005458   0.01263        41       640    0.3576    0.7802    0.4436    0.4123  0.003482 0.0004573  0.002542
   172/299     2.85G  0.006382  0.001001  0.005515    0.0129        38       640    0.3597    0.7732    0.4441    0.4127   0.00349 0.0004578   0.00254
   173/299     2.85G  0.006121 0.0009938  0.005454   0.01257        49       640    0.3585    0.7806    0.4442    0.4125  0.003497 0.0004563  0.002539
   174/299     2.85G   0.00576  0.001002  0.005446   0.01221        48       640    0.3571    0.7862    0.4451    0.4135  0.003493 0.0004559  0.002538
   175/299     2.85G   0.00581 0.0009979  0.005376   0.01218        38       640    0.3595    0.7706    0.4453    0.4135  0.003496  0.000457  0.002537
   176/299     2.85G  0.005872 0.0009932  0.005401   0.01227        39       640    0.3453    0.8413     0.445     0.413  0.003494 0.0004552  0.002537
   177/299     2.85G  0.005809  0.001005  0.005447   0.01226        33       640    0.3714    0.7298    0.4458    0.4136  0.003492 0.0004542  0.002536
   178/299     2.85G  0.006146  0.001001  0.005424   0.01257        34       640    0.3711    0.7295    0.4462    0.4139  0.003486 0.0004544  0.002536
   179/299     2.85G  0.006047  0.001011   0.00549   0.01255        36       640     0.362    0.7638    0.4464     0.414  0.003492 0.0004531  0.002535
   180/299     2.85G  0.005682 0.0009898  0.005461   0.01213        35       640    0.3723    0.7298    0.4475    0.4149  0.003497 0.0004521  0.002534
   181/299     2.85G  0.006111 0.0009841   0.00549   0.01258        42       640    0.3702    0.7414    0.4481    0.4156  0.003503 0.0004556  0.002533
   182/299     2.85G   0.00589  0.000994  0.005442   0.01233        34       640    0.3637      0.77    0.4486    0.4157  0.003505 0.0004559  0.002531
   183/299     2.85G  0.005692 0.0009895   0.00546   0.01214        44       640    0.3713    0.7398    0.4484    0.4157  0.003499 0.0004571  0.002531
   184/299     2.85G  0.005892 0.0009855  0.005409   0.01229        30       640    0.3686    0.7466    0.4493    0.4163  0.003497 0.0004567  0.002529
   185/299     2.85G  0.005956  0.001014   0.00542   0.01239        42       640    0.3688    0.7483    0.4495    0.4162  0.003504 0.0004575  0.002528
   186/299     2.85G  0.005957 0.0009918  0.005476   0.01243        41       640    0.3635    0.7691    0.4497    0.4164  0.003508  0.000458  0.002527
   187/299     2.85G  0.005546 0.0009726  0.005394   0.01191        33       640    0.3636     0.769    0.4499    0.4168  0.003496 0.0004588  0.002525
   188/299     2.85G  0.006005 0.0009929  0.005462   0.01246        34       640    0.3658    0.7621    0.4502    0.4168  0.003495 0.0004585  0.002525
   189/299     2.85G  0.005972 0.0009727   0.00539   0.01234        50       640    0.3643    0.7701    0.4506    0.4171   0.00349 0.0004579  0.002524
   190/299     2.85G   0.00564 0.0009732  0.005408   0.01202        40       640    0.3615    0.7834    0.4509    0.4173  0.003484 0.0004572  0.002524
   191/299     2.85G  0.006202 0.0009887  0.005448   0.01264        43       640    0.3682    0.7573    0.4512    0.4175  0.003485 0.0004572  0.002523
   192/299     2.85G  0.005677 0.0009781  0.005434   0.01209        38       640    0.3691    0.7574    0.4517    0.4179  0.003492 0.0004571  0.002522
   193/299     2.85G  0.005714 0.0009885  0.005365   0.01207        45       640     0.369    0.7578    0.4518    0.4179   0.00349 0.0004573  0.002521
   194/299     2.85G   0.00576  0.000987  0.005428   0.01218        42       640    0.3719    0.7534    0.4523    0.4184  0.003491 0.0004577   0.00252
   195/299     2.85G  0.006195 0.0009872  0.005446   0.01263        38       640    0.3686    0.7577    0.4526    0.4189  0.003489 0.0004591  0.002519
   196/299     2.85G    0.0057 0.0009609   0.00538   0.01204        41       640    0.3698    0.7581    0.4529     0.419  0.003497 0.0004586  0.002518
   197/299     2.85G  0.005757 0.0009685   0.00541   0.01214        40       640    0.3701    0.7573    0.4531    0.4186  0.003509 0.0004586  0.002518
   198/299     2.85G  0.005398 0.0009788  0.005389   0.01177        35       640    0.3719    0.7534    0.4532    0.4187  0.003511 0.0004575  0.002518
   199/299     2.85G  0.005436 0.0009609   0.00537   0.01177        48       640    0.3699    0.7576    0.4531    0.4186   0.00352 0.0004571  0.002517
   200/299     2.85G  0.005743 0.0009613  0.005403   0.01211        37       640    0.3697    0.7581    0.4533    0.4187  0.003523 0.0004565  0.002517
   201/299     2.85G  0.005893 0.0009829  0.005425    0.0123        44       640    0.3702    0.7562    0.4535    0.4187  0.003525 0.0004557  0.002517
   202/299     2.85G  0.006092 0.0009987  0.005478   0.01257        51       640    0.3659    0.7748    0.4538    0.4191  0.003527 0.0004552  0.002517
   203/299     2.85G  0.005388 0.0009565  0.005373   0.01172        40       640    0.3675    0.7665    0.4536     0.419  0.003523 0.0004548  0.002517
   204/299     2.85G  0.005711 0.0009667  0.005358   0.01204        41       640    0.3679    0.7672     0.454    0.4195  0.003527 0.0004543  0.002516
   205/299     2.85G  0.005586 0.0009574  0.005396   0.01194        42       640    0.3662    0.7738    0.4541    0.4194  0.003528 0.0004545  0.002515
   206/299     2.85G  0.005911 0.0009611   0.00539   0.01226        45       640    0.3707    0.7604    0.4542    0.4194   0.00353 0.0004548  0.002515
   207/299     2.85G  0.005749 0.0009806  0.005456   0.01219        47       640    0.3706    0.7607    0.4542    0.4193  0.003535 0.0004548  0.002515
   208/299     2.85G  0.005454 0.0009646   0.00536   0.01178        38       640    0.3703    0.7596    0.4542     0.419  0.003534 0.0004546  0.002515
   209/299     2.85G  0.005462 0.0009543  0.005343   0.01176        50       640    0.3704    0.7604    0.4545    0.4193  0.003535 0.0004546  0.002514
   210/299     2.85G   0.00535 0.0009497  0.005381   0.01168        39       640    0.3691    0.7663    0.4545    0.4194  0.003532 0.0004546  0.002513
   211/299     2.85G  0.005654 0.0009545  0.005437   0.01204        35       640    0.3706    0.7606    0.4549    0.4197  0.003532 0.0004545  0.002512
   212/299     2.85G  0.005377 0.0009646  0.005359    0.0117        38       640    0.3693    0.7665    0.4555      0.42  0.003539  0.000455  0.002512
   213/299     2.85G  0.005405 0.0009494  0.005406   0.01176        53       640     0.372    0.7614     0.455    0.4197   0.00354 0.0004554  0.002511
   214/299     2.85G   0.00539  0.000962  0.005332   0.01168        34       640    0.3699    0.7672    0.4554      0.42   0.00354 0.0004564   0.00251
   215/299     2.85G  0.005429 0.0009486  0.005368   0.01175        36       640    0.3707    0.7669    0.4561    0.4208  0.003546 0.0004577   0.00251
   216/299     2.85G  0.005501 0.0009654  0.005317   0.01178        43       640    0.3727    0.7615    0.4565    0.4208  0.003552 0.0004583  0.002508
   217/299     2.85G  0.005635  0.000961  0.005363   0.01196        48       640    0.3696    0.7728    0.4568    0.4213  0.003548 0.0004579  0.002508
   218/299     2.85G  0.005814 0.0009816  0.005482   0.01228        46       640    0.3713    0.7667    0.4569    0.4212  0.003542 0.0004578  0.002507
   219/299     2.85G  0.005322 0.0009463  0.005372   0.01164        42       640    0.3693    0.7712    0.4573    0.4218  0.003544 0.0004581  0.002506
   220/299     2.85G  0.005551 0.0009507  0.005401    0.0119        45       640    0.3707    0.7644    0.4573    0.4215  0.003549 0.0004574  0.002505
   221/299     2.85G  0.005397  0.000939    0.0054   0.01174        35       640    0.3713    0.7644    0.4579     0.422  0.003542 0.0004569  0.002505
   222/299     2.85G  0.005636 0.0009439  0.005411   0.01199        33       640     0.372    0.7657    0.4584    0.4225  0.003541 0.0004568  0.002505
   223/299     2.85G  0.005488 0.0009496  0.005415   0.01185        40       640    0.3723    0.7653    0.4586    0.4227  0.003542  0.000457  0.002504
   224/299     2.85G  0.005566  0.000945  0.005386    0.0119        45       640    0.3716    0.7643    0.4586    0.4229  0.003542 0.0004568  0.002504
   225/299     2.85G   0.00517  0.000941  0.005342   0.01145        43       640    0.3718    0.7644     0.459    0.4233  0.003544 0.0004565  0.002503
   226/299     2.85G  0.005392 0.0009417  0.005393   0.01173        35       640    0.3714    0.7629    0.4592    0.4234  0.003545 0.0004567  0.002501
   227/299     2.85G  0.005368 0.0009212  0.005436   0.01172        36       640    0.3704    0.7702    0.4596    0.4236  0.003552 0.0004572  0.002501
   228/299     2.85G  0.005005 0.0009383  0.005257    0.0112        48       640    0.3716    0.7654    0.4592    0.4234  0.003548 0.0004579  0.002501
   229/299     2.85G  0.005373 0.0009238  0.005382   0.01168        42       640    0.3712     0.764    0.4599    0.4239  0.003545 0.0004577  0.002499
   230/299     2.85G  0.005294 0.0009169  0.005387    0.0116        50       640    0.3682    0.7789    0.4605    0.4244  0.003549 0.0004577  0.002498
   231/299     2.85G  0.005466 0.0009273  0.005316   0.01171        43       640    0.3683    0.7785    0.4609    0.4245  0.003554 0.0004583  0.002497
   232/299     2.85G  0.005159 0.0009175  0.005313   0.01139        45       640      0.37    0.7717    0.4608    0.4244  0.003555 0.0004579  0.002496
   233/299     2.85G  0.005461 0.0009178  0.005335   0.01171        38       640    0.3706    0.7725    0.4613    0.4248   0.00355 0.0004574  0.002496
   234/299     2.85G  0.005465 0.0009227  0.005345   0.01173        42       640    0.3735    0.7667     0.462    0.4253  0.003548 0.0004572  0.002495
   235/299     2.85G  0.005325 0.0009264  0.005403   0.01165        39       640     0.371    0.7725    0.4622    0.4255  0.003552 0.0004565  0.002494
   236/299     2.85G  0.005211 0.0009102  0.005365   0.01149        44       640     0.371    0.7717    0.4626    0.4259  0.003557 0.0004563  0.002493
   237/299     2.85G  0.005439 0.0009197   0.00543   0.01179        38       640    0.3707    0.7702    0.4622    0.4254  0.003562 0.0004562  0.002492
   238/299     2.85G  0.005098 0.0009099  0.005381   0.01139        49       640    0.3708    0.7696    0.4622    0.4254  0.003567 0.0004571  0.002491
   239/299     2.85G   0.00582 0.0009575  0.005438   0.01222        32       640    0.3707    0.7702    0.4628    0.4256  0.003574 0.0004578   0.00249
   240/299     2.85G  0.005111 0.0009095  0.005353   0.01137        34       640    0.3689     0.777     0.463    0.4258   0.00357 0.0004578   0.00249
   241/299     2.85G  0.005152  0.000917  0.005351   0.01142        47       640    0.3709    0.7703    0.4631    0.4261  0.003574 0.0004577   0.00249
   242/299     2.85G  0.005119 0.0009098  0.005326   0.01136        31       640    0.3584    0.8229    0.4638    0.4265  0.003574 0.0004577  0.002489
   243/299     2.85G  0.005254 0.0009082  0.005336    0.0115        41       640    0.3599    0.8148    0.4632     0.426  0.003579 0.0004577  0.002488
   244/299     2.85G   0.00517 0.0009064  0.005333   0.01141        40       640    0.3606    0.8166    0.4634    0.4257  0.003583 0.0004572  0.002487
   245/299     2.85G  0.005352  0.000922  0.005359   0.01163        43       640    0.3628    0.8099     0.464    0.4261  0.003587  0.000457  0.002486
   246/299     2.85G  0.005244 0.0008981  0.005377   0.01152        41       640    0.3613    0.8173    0.4639    0.4262  0.003579 0.0004567  0.002485
   247/299     2.85G  0.005043 0.0009164  0.005314   0.01127        47       640    0.3623    0.8113    0.4645    0.4265  0.003583  0.000457  0.002484
   248/299     2.85G  0.005037 0.0008916  0.005317   0.01125        40       640    0.3623    0.8095    0.4644    0.4264  0.003581 0.0004566  0.002483
   249/299     2.85G  0.005244 0.0009113  0.005359   0.01151        42       640    0.3612    0.8183    0.4645    0.4267  0.003583  0.000456  0.002483
   250/299     2.85G  0.005128  0.000909  0.005281   0.01132        39       640    0.3611    0.8183    0.4648    0.4273   0.00358 0.0004557  0.002482
   251/299     2.85G  0.005535 0.0009167  0.005359   0.01181        36       640    0.3594     0.823    0.4646    0.4269  0.003581 0.0004558  0.002482
   252/299     2.85G  0.005046 0.0009103  0.005359   0.01132        44       640    0.3606    0.8168    0.4649    0.4272  0.003579  0.000456  0.002481
   253/299     2.85G  0.005373  0.000909  0.005366   0.01165        47       640    0.3861    0.7262    0.4651    0.4271  0.003574 0.0004551  0.002481
   254/299     2.85G  0.005013 0.0009085  0.005365   0.01129        45       640    0.3719    0.7714    0.4653    0.4275  0.003575 0.0004557   0.00248
   255/299     2.85G  0.005334 0.0009114  0.005347   0.01159        42       640    0.3868    0.7279    0.4656    0.4278  0.003579 0.0004563  0.002479
   256/299     2.85G   0.00523  0.000905  0.005325   0.01146        42       640    0.3835     0.733    0.4655    0.4277  0.003577 0.0004566  0.002479
   257/299     2.85G  0.004938 0.0008921  0.005318   0.01115        36       640     0.386    0.7271    0.4655    0.4276  0.003577 0.0004573  0.002478
   258/299     2.85G  0.005154 0.0009127  0.005363   0.01143        41       640    0.3871    0.7265    0.4658    0.4276  0.003581 0.0004574  0.002478
   259/299     2.85G  0.004995 0.0008857  0.005317    0.0112        51       640    0.3868    0.7257    0.4662    0.4278  0.003583 0.0004581  0.002477
   260/299     2.85G  0.004769 0.0008979   0.00525   0.01092        29       640    0.3878    0.7275    0.4664    0.4279  0.003583 0.0004585  0.002477
   261/299     2.85G  0.005057 0.0008997  0.005347    0.0113        43       640    0.3871    0.7257    0.4664    0.4279  0.003588 0.0004588  0.002477
   262/299     2.85G  0.005028 0.0008984  0.005295   0.01122        45       640    0.3828    0.7387    0.4664    0.4279  0.003588 0.0004597  0.002476
   263/299     2.85G  0.005129 0.0009084  0.005364    0.0114        43       640    0.3847    0.7319    0.4664    0.4279  0.003593   0.00046  0.002476
   264/299     2.85G  0.005206 0.0008848  0.005328   0.01142        40       640    0.3611    0.8207    0.4666     0.428  0.003593 0.0004609  0.002476
   265/299     2.85G  0.005109  0.000891  0.005337   0.01134        56       640    0.3612    0.8214    0.4666     0.428  0.003593 0.0004617  0.002476
   266/299     2.85G  0.005103 0.0008839  0.005269   0.01126        43       640    0.3888    0.7273    0.4668    0.4283  0.003593 0.0004625  0.002476
   267/299     2.85G   0.00481 0.0008737  0.005334   0.01102        39       640    0.3884    0.7262    0.4669    0.4284  0.003594 0.0004631  0.002475
   268/299     2.85G  0.005092 0.0008858  0.005327    0.0113        41       640    0.3924      0.72    0.4672    0.4288   0.00359 0.0004635  0.002474
   269/299     2.85G   0.00543 0.0008937  0.005417   0.01174        41       640    0.3932     0.721    0.4673     0.429   0.00359 0.0004637  0.002474
   270/299     2.85G  0.005012 0.0008833  0.005256   0.01115        45       640    0.3893     0.725    0.4677    0.4292  0.003588 0.0004643  0.002473
   271/299     2.85G  0.004978 0.0008754  0.005347    0.0112        54       640    0.3897    0.7244    0.4683    0.4298  0.003589 0.0004648  0.002473
   272/299     2.85G  0.004618 0.0008856  0.005222   0.01073        46       640    0.3802    0.7476     0.468    0.4296  0.003589 0.0004656  0.002472
   273/299     2.85G  0.004751 0.0008715  0.005307   0.01093        40       640    0.3924    0.7181    0.4685    0.4298  0.003592 0.0004659  0.002472
   274/299     2.85G  0.004831 0.0008911  0.005287   0.01101        45       640    0.3784    0.7527    0.4688    0.4302  0.003589 0.0004664  0.002471
   275/299     2.85G  0.004963 0.0008837  0.005232   0.01108        37       640     0.379    0.7518    0.4688      0.43  0.003594 0.0004674  0.002471
   276/299     2.85G  0.004768  0.000886  0.005264   0.01092        48       640     0.378     0.759    0.4694    0.4304  0.003598 0.0004683   0.00247
   277/299     2.85G  0.004705 0.0008869  0.005308    0.0109        44       640    0.3783    0.7587    0.4698    0.4305  0.003602 0.0004692   0.00247
   278/299     2.85G  0.004903 0.0008744  0.005268   0.01105        48       640    0.3759    0.7663    0.4697    0.4307  0.003601 0.0004698  0.002469
   279/299     2.85G  0.005349 0.0008718  0.005262   0.01148        38       640    0.3763    0.7652    0.4701     0.431  0.003603 0.0004704  0.002469
   280/299     2.85G  0.005059 0.0008716  0.005306   0.01124        44       640    0.3792    0.7601    0.4702    0.4309  0.003599 0.0004708  0.002468
   281/299     2.85G  0.004928 0.0008809  0.005271   0.01108        43       640    0.3778     0.767    0.4704    0.4312  0.003602 0.0004706  0.002467
   282/299     2.85G  0.004629 0.0008702  0.005242   0.01074        32       640    0.3813    0.7542    0.4701    0.4311  0.003601 0.0004706  0.002467
   283/299     2.85G   0.00519 0.0008783  0.005262   0.01133        48       640     0.379     0.767    0.4705    0.4316  0.003599 0.0004711  0.002466
   284/299     2.85G  0.004804 0.0008798  0.005297   0.01098        39       640    0.3782    0.7665    0.4706    0.4316  0.003592 0.0004711  0.002466
   285/299     2.85G  0.004813 0.0008744  0.005245   0.01093        31       640    0.3802    0.7595    0.4708    0.4317  0.003591 0.0004715  0.002465
   286/299     2.85G  0.004919 0.0008828  0.005268   0.01107        46       640    0.3825    0.7543    0.4713    0.4322  0.003594 0.0004719  0.002465
   287/299     2.85G  0.004599 0.0008741  0.005196   0.01067        37       640    0.3821    0.7539    0.4719    0.4328  0.003596 0.0004723  0.002464
   288/299     2.85G  0.004815  0.000862  0.005312   0.01099        44       640    0.3867    0.7429    0.4717    0.4324    0.0036 0.0004721  0.002463
   289/299     2.85G  0.004737 0.0008818  0.005226   0.01084        41       640    0.3869    0.7425    0.4719    0.4326  0.003602  0.000472  0.002463
   290/299     2.85G  0.004797 0.0008724  0.005269   0.01094        45       640    0.3845    0.7468     0.472    0.4325  0.003602 0.0004729  0.002463
   291/299     2.85G  0.004822 0.0008699  0.005312     0.011        38       640    0.3842    0.7466    0.4724     0.433  0.003608 0.0004737  0.002462
   292/299     2.85G  0.004959 0.0008901  0.005358   0.01121        39       640    0.3845    0.7471    0.4726    0.4333  0.003597 0.0004736  0.002462
   293/299     2.85G  0.004979 0.0008802  0.005288   0.01115        41       640    0.3847    0.7482    0.4721     0.433  0.003598 0.0004741  0.002462
   294/299     2.85G  0.005224 0.0008753  0.005279   0.01138        33       640    0.3847    0.7476    0.4724    0.4332  0.003602 0.0004745  0.002461
   295/299     2.85G  0.004992 0.0008763  0.005276   0.01114        36       640    0.3821    0.7538    0.4729    0.4337  0.003603 0.0004748  0.002461
   296/299     2.85G  0.004831 0.0008712  0.005268   0.01097        39       640    0.3828    0.7553    0.4732    0.4339  0.003604 0.0004754   0.00246
   297/299     2.85G   0.00499 0.0008815  0.005312   0.01118        44       640     0.385    0.7476    0.4732    0.4339  0.003604 0.0004754   0.00246
   298/299     2.85G  0.005016 0.0008778  0.005308    0.0112        34       640    0.3809     0.759    0.4736    0.4343  0.003603 0.0004763   0.00246
   299/299     2.85G  0.004751 0.0008609  0.005203   0.01082        43       640     0.385    0.7473    0.4736    0.4344  0.003611 0.0004775   0.00246
