     0/999    0.505G   0.01193   0.01451   0.01595   0.04239        12       640   0.03204    0.1416   0.04135  0.008329   0.01089  0.009108   0.01624
     1/999     4.66G  0.008832   0.01125   0.01572    0.0358        12       640   0.01303    0.6169   0.01368  0.002473   0.01077  0.008141   0.01621
     2/999     5.12G  0.008274   0.01079   0.01568   0.03474        12       640   0.01189    0.4372   0.01545  0.002841   0.01024  0.007908   0.01618
     3/999     5.12G  0.007985   0.01058   0.01566   0.03422        12       640   0.01479    0.2702   0.02611  0.005287   0.01009  0.007593   0.01619
     4/999     5.13G  0.007828   0.01043   0.01565   0.03391        12       640   0.04497    0.3696   0.04931   0.01179   0.01003  0.007489   0.01617
     5/999     5.13G  0.007768   0.01031   0.01566   0.03374        12       640    0.0491    0.9288   0.08014   0.02094   0.01011  0.007439   0.01625
     6/999     5.13G   0.00772   0.01012   0.01566   0.03349        12       640   0.09486    0.2194   0.07646   0.02068   0.01012  0.007295   0.01619
     7/999     5.13G  0.007631  0.009592   0.01565   0.03288        12       640    0.1011    0.2696   0.08357   0.02959  0.009972  0.007054   0.01617
     8/999     5.13G  0.007605  0.009191   0.01565   0.03245        12       640   0.08658    0.3231   0.07619   0.02918  0.009987  0.006785   0.01618
     9/999     5.13G  0.007515  0.008969   0.01564   0.03213        12       640   0.09287    0.3603   0.08605   0.03737  0.009958  0.006546   0.01618
    10/999     5.13G  0.007338  0.008508   0.01565   0.03149        12       640    0.1332    0.3984    0.1267   0.06525  0.009116  0.006272   0.01616
    11/999     5.13G  0.005951  0.008073   0.01565   0.02968        12       640    0.1704    0.4301    0.1567   0.09626  0.006727  0.006177   0.01619
    12/999     5.13G  0.004951  0.007116   0.01566   0.02772        12       640      0.19    0.6742    0.1942     0.128  0.006076  0.005286   0.01616
    13/999     5.13G  0.004523   0.00612   0.01565   0.02629        12       640     0.194    0.7492    0.2047    0.1473  0.005822  0.004738   0.01618
    14/999     5.13G   0.00425  0.005321   0.01564   0.02521        12       640    0.1911    0.7429    0.2056    0.1495  0.005395  0.004782   0.01618
    15/999     5.13G   0.00374   0.00454   0.01563   0.02391        12       640    0.1903    0.7084    0.1939    0.1482  0.004928  0.005131   0.01618
    16/999     5.13G  0.003127  0.003782   0.01563   0.02254        12       640    0.1985    0.7408    0.2042    0.1783   0.00476  0.004818   0.01619
    17/999     5.13G  0.002585  0.003289   0.01562    0.0215        12       640     0.197    0.9089    0.2143    0.1974  0.004718  0.004179   0.01617
    18/999     5.13G  0.002353  0.002775   0.01562   0.02075        12       640    0.1995    0.9779    0.2212    0.2057  0.004705  0.003466   0.01617
    19/999     5.13G  0.002157  0.002437   0.01562   0.02021        12       640    0.1994    0.9911    0.2238     0.208  0.004393  0.003189   0.01616
    20/999     5.13G   0.00192   0.00223   0.01561   0.01976        12       640    0.1997    0.9945    0.2306    0.2228  0.004052  0.003049   0.01615
    21/999     5.13G  0.001768  0.002081    0.0156   0.01945        12       640    0.1999    0.9978    0.2313    0.2251  0.003814  0.003008   0.01615
    22/999     5.13G   0.00172  0.001973   0.01559   0.01929        12       640    0.2001    0.9967    0.2364    0.2288  0.003825  0.003021   0.01615
    23/999     5.13G    0.0016  0.001887   0.01558   0.01907        12       640    0.2002    0.9954    0.2357    0.2314  0.003707   0.00308   0.01615
    24/999     5.13G  0.001507  0.001819   0.01557    0.0189        12       640    0.2071    0.8594    0.2316     0.227  0.003727  0.003036   0.01614
    25/999     5.13G   0.00147  0.001757   0.01555   0.01878        12       640    0.2103    0.8419    0.2399    0.2354  0.003645  0.003136   0.01614
    26/999     5.13G  0.001441  0.001708   0.01553   0.01868        12       640    0.2111    0.8471    0.2452    0.2398  0.003627  0.003231   0.01612
    27/999     5.13G  0.001347  0.001664   0.01552   0.01853        12       640    0.2064    0.9409    0.2418    0.2361  0.003709  0.003343   0.01613
    28/999     5.13G  0.001313  0.001627    0.0155   0.01844        12       640     0.211    0.8534    0.2438    0.2394  0.003633  0.003323   0.01612
    29/999     5.13G   0.00133  0.001597   0.01548    0.0184        12       640    0.2073    0.9383    0.2456    0.2412  0.003639    0.0033   0.01612
    30/999     5.13G  0.001272  0.001565   0.01547    0.0183        12       640    0.2104       0.9    0.2497    0.2449  0.003598  0.003387   0.01609
    31/999     5.13G   0.00121  0.001536   0.01545   0.01819        12       640    0.2113    0.9079    0.2517    0.2466  0.003531  0.003427   0.01608
    32/999     5.13G  0.001267  0.001511   0.01541   0.01819        12       640    0.2105    0.8909    0.2454    0.2408  0.003505  0.003347   0.01609
    33/999     5.13G  0.001214  0.001503   0.01542   0.01814        12       640    0.2128    0.8936    0.2426     0.238  0.003528  0.003429    0.0161
    34/999     5.13G  0.001149   0.00147    0.0154   0.01802        12       640    0.2122     0.911     0.249    0.2436  0.003415  0.003473   0.01608
    35/999     5.13G  0.001158  0.001438   0.01539   0.01798        12       640    0.2122    0.9141    0.2527    0.2474  0.003341  0.003472   0.01607
    36/999     5.13G  0.001148  0.001423   0.01537   0.01794        12       640    0.2148    0.8634    0.2481    0.2434  0.003343  0.003543   0.01607
    37/999     5.13G  0.001128  0.001407   0.01536    0.0179        12       640    0.2137    0.8867    0.2496    0.2446  0.003335  0.003442   0.01604
    38/999     5.13G  0.001116   0.00138   0.01533   0.01783        12       640     0.218    0.8498    0.2567    0.2518  0.003437  0.003528   0.01604
    39/999     5.13G  0.001112  0.001371   0.01534   0.01782        12       640    0.2171    0.8538    0.2562    0.2507  0.003362  0.003501   0.01606
    40/999     5.13G  0.001067  0.001354   0.01533   0.01775        12       640    0.2138    0.9011    0.2545    0.2495  0.003347  0.003441   0.01603
    41/999     5.13G  0.001054  0.001334   0.01531    0.0177        12       640    0.2148    0.8979     0.255    0.2505  0.003397  0.003451   0.01607
    42/999     5.13G  0.001043   0.00132    0.0153   0.01766        12       640    0.2133    0.8962    0.2536    0.2481  0.003325  0.003528   0.01606
    43/999     5.13G  0.001051  0.001308   0.01529   0.01765        12       640    0.2121    0.9377    0.2612    0.2564  0.003319  0.003496   0.01604
    44/999     5.13G  0.001023  0.001272   0.01526   0.01755        12       640    0.2129    0.9191    0.2534    0.2478  0.003296  0.003549    0.0161
    45/999     5.13G  0.001022   0.00126   0.01526   0.01754        12       640    0.2132    0.9251    0.2561    0.2511  0.003303  0.003553    0.0161
    46/999     5.13G  0.001021  0.001264   0.01522   0.01751        12       640    0.2111    0.9309    0.2547    0.2495  0.003291  0.003647    0.0161
    47/999     5.13G 0.0009872  0.001243   0.01523   0.01746        12       640    0.2127    0.9368    0.2618    0.2568  0.003408  0.003549   0.01609
    48/999     5.13G 0.0009885  0.001255   0.01521   0.01745        12       640    0.2111    0.9272    0.2566    0.2515  0.003333  0.003519   0.01613
    49/999     5.13G 0.0009772  0.001223   0.01519   0.01739        12       640    0.2086    0.9539    0.2527    0.2476  0.003315  0.003447   0.01613
    50/999     5.13G 0.0009764  0.001222   0.01521   0.01741        12       640    0.2104    0.9408    0.2634    0.2577  0.003384  0.003521    0.0161
    51/999     5.13G  0.000975  0.001208   0.01518   0.01737        12       640     0.213    0.8859    0.2586    0.2534  0.003277  0.003697    0.0161
    52/999     5.13G 0.0009595  0.001201   0.01515   0.01731        12       640    0.2125    0.8921    0.2599    0.2544  0.003445  0.003527   0.01614
    53/999     5.13G  0.001001  0.001176   0.01512    0.0173        12       640    0.2142    0.8876    0.2592     0.254  0.003408  0.003601   0.01611
    54/999     5.13G 0.0009526  0.001179   0.01514   0.01727        12       640    0.2125    0.9005    0.2619    0.2562  0.003424  0.003621   0.01617
    55/999     5.13G 0.0009995  0.001173   0.01511   0.01728        12       640    0.2081    0.9576    0.2557    0.2501  0.003382  0.003536   0.01621
    56/999     5.13G 0.0009525  0.001153   0.01509   0.01719        12       640    0.2076      0.97    0.2557    0.2499  0.003555  0.003608   0.01622
    57/999     5.13G 0.0009771  0.001157   0.01506    0.0172        12       640     0.216    0.8609    0.2612     0.256  0.003366  0.003627   0.01621
    58/999     5.13G 0.0009481   0.00115   0.01503   0.01713        12       640    0.2091    0.9588    0.2627     0.257  0.003556  0.003607   0.01623
    59/999     5.13G 0.0009431  0.001139   0.01505   0.01713        12       640      0.21    0.9472    0.2629    0.2572  0.003475  0.003642   0.01624
    60/999     5.13G  0.000945  0.001124   0.01502   0.01709        12       640    0.2137    0.9104    0.2629     0.257  0.003466   0.00366   0.01627
    61/999     5.13G 0.0009297  0.001105   0.01503   0.01706        12       640    0.2117    0.9277    0.2644    0.2587  0.003396   0.00363   0.01625
    62/999     5.13G 0.0009457  0.001124     0.015   0.01707        12       640    0.2151    0.8932    0.2628    0.2575  0.003293  0.003586   0.01619
    63/999     5.13G  0.000929   0.00111   0.01498   0.01702        12       640    0.2135    0.8958    0.2572    0.2514  0.003312   0.00375   0.01632
    64/999     5.13G 0.0009218  0.001099   0.01499   0.01701        12       640    0.2203    0.8244    0.2569    0.2507  0.003306  0.003778   0.01629
    65/999     5.13G 0.0009162  0.001096   0.01494   0.01695        12       640    0.2174    0.8817    0.2662    0.2599  0.003226  0.003796   0.01623
    66/999     5.13G 0.0009087  0.001087   0.01496   0.01696        12       640    0.2242     0.795      0.26    0.2539  0.003307  0.003751   0.01629
    67/999     5.13G 0.0009062  0.001087   0.01492   0.01691        12       640    0.2221    0.8219      0.26    0.2538  0.003376  0.003799   0.01628
    68/999     5.13G 0.0009132  0.001074   0.01492   0.01691        12       640    0.2186    0.8769    0.2635    0.2562  0.003334  0.003929   0.01628
    69/999     5.13G 0.0009013  0.001074   0.01487   0.01685        12       640    0.2151    0.9047    0.2618    0.2553  0.003471  0.003827   0.01627
    70/999     5.13G 0.0008752  0.001061   0.01491   0.01684        12       640     0.214    0.9312    0.2638    0.2572  0.003505  0.003906   0.01633
    71/999     5.13G 0.0008849  0.001059   0.01488   0.01682        12       640    0.2168    0.8878     0.256    0.2498  0.003497  0.003952   0.01635
    72/999     5.13G 0.0008908  0.001055   0.01487   0.01682        12       640    0.2147     0.934    0.2669    0.2602  0.003439  0.003762   0.01626
    73/999     5.13G 0.0008911  0.001054   0.01485   0.01679        12       640    0.2177    0.8743    0.2666    0.2604  0.003332  0.003813   0.01626
    74/999     5.13G  0.000888  0.001066   0.01486   0.01681        12       640    0.2199     0.856    0.2607    0.2547  0.003332  0.003792   0.01629
    75/999     5.13G 0.0008832  0.001043   0.01481   0.01674        12       640    0.2253     0.783    0.2615    0.2548   0.00342  0.003814    0.0163
    76/999     5.13G 0.0008798  0.001038   0.01481   0.01672        12       640    0.2224    0.8453    0.2658    0.2588  0.003504  0.003899   0.01632
    77/999     5.13G 0.0008565  0.001027    0.0148   0.01669        12       640    0.2256     0.805    0.2642    0.2575  0.003529  0.003991   0.01629
    78/999     5.13G 0.0008696   0.00103   0.01483   0.01673        12       640    0.2201    0.8864    0.2688    0.2625  0.003407  0.003874    0.0162
    79/999     5.13G 0.0008943  0.001028   0.01477   0.01669        12       640    0.2164    0.9186    0.2684     0.262  0.003394  0.003838   0.01625
    80/999     5.13G 0.0008819  0.001029   0.01473   0.01664        12       640    0.2299    0.7703     0.268    0.2608  0.003314  0.003891   0.01618
    81/999     5.13G 0.0008773  0.001029   0.01476   0.01666        12       640    0.2315    0.7978      0.27    0.2627  0.003349  0.003812   0.01611
    82/999     5.13G 0.0008609   0.00102   0.01476   0.01665        12       640    0.2282    0.7908    0.2693    0.2626  0.003347  0.003908   0.01619
    83/999     5.13G 0.0008664  0.001018   0.01471    0.0166        12       640    0.2279    0.7763    0.2717    0.2645  0.003448  0.004081   0.01616
    84/999     5.13G 0.0008505 0.0009941   0.01472   0.01657        12       640    0.2323    0.7435    0.2708    0.2632  0.003416  0.004038   0.01617
    85/999     5.13G 0.0008699  0.001007   0.01471   0.01659        12       640    0.2335    0.7576    0.2726    0.2653  0.003418  0.003983    0.0162
    86/999     5.13G 0.0008519 0.0009915   0.01467   0.01651        12       640    0.2287    0.7999    0.2707    0.2637  0.003449  0.003941   0.01623
    87/999     5.13G 0.0008598 0.0009879   0.01463   0.01648        12       640    0.2242    0.8473      0.27    0.2625  0.003446  0.004002   0.01622
    88/999     5.13G 0.0008433  0.000998   0.01466    0.0165        12       640    0.2235    0.8435    0.2665    0.2593  0.003415  0.003946   0.01637
    89/999     5.13G 0.0008475 0.0009956   0.01464   0.01648        12       640    0.2329    0.7581    0.2666    0.2591  0.003328  0.003917   0.01631
    90/999     5.13G 0.0008451 0.0009914   0.01463   0.01647        12       640      0.23    0.7911    0.2683    0.2605  0.003356  0.003941   0.01623
    91/999     5.13G 0.0008389 0.0009836   0.01459   0.01641        12       640     0.234    0.7712    0.2711    0.2639  0.003354  0.003966   0.01619
    92/999     5.13G 0.0008451 0.0009888   0.01462   0.01645        12       640    0.2287    0.8243    0.2719    0.2645  0.003334  0.003871   0.01621
    93/999     5.13G 0.0008182 0.0009769   0.01461   0.01641        12       640    0.2262    0.8366    0.2696    0.2622  0.003378  0.003975   0.01619
    94/999     5.13G  0.000846  0.000974   0.01455   0.01637        12       640    0.2302    0.8219    0.2715    0.2638  0.003404  0.004004   0.01614
    95/999     5.13G 0.0008295 0.0009656   0.01455   0.01635        12       640    0.2293    0.8307    0.2767    0.2682  0.003431  0.004061    0.0162
    96/999     5.13G 0.0008374 0.0009742   0.01456   0.01637        12       640      0.23    0.8187    0.2742    0.2661  0.003412  0.004137   0.01617
    97/999     5.13G 0.0008367 0.0009663   0.01453   0.01633        12       640    0.2279    0.8351    0.2745    0.2661  0.003453  0.004173   0.01616
    98/999     5.13G 0.0008361 0.0009573   0.01449   0.01629        12       640    0.2313    0.8175     0.275     0.267  0.003361  0.004113   0.01614
    99/999     5.13G 0.0008352 0.0009795   0.01449   0.01631        12       640    0.2304    0.8487    0.2781    0.2698  0.003378  0.004061   0.01608
   100/999     5.13G 0.0008303 0.0009602   0.01446   0.01625        12       640    0.2377    0.7864    0.2793    0.2713  0.003416  0.004114    0.0161
   101/999     5.13G 0.0008319 0.0009646    0.0144    0.0162        12       640    0.2353    0.8103    0.2767     0.269  0.003459  0.004177   0.01612
   102/999     5.13G 0.0008248 0.0009793   0.01443   0.01623        12       640      0.23    0.8518    0.2776    0.2689  0.003478  0.004204   0.01609
   103/999     5.13G 0.0008299 0.0009521   0.01442    0.0162        12       640    0.2345    0.7748    0.2733    0.2645  0.003539  0.004145   0.01616
   104/999     5.13G 0.0008318 0.0009718   0.01435   0.01615        12       640    0.2355    0.7906    0.2776    0.2685  0.003512   0.00408   0.01619
   105/999     5.13G 0.0008259 0.0009475   0.01434   0.01611        12       640    0.2322    0.8236    0.2776    0.2683  0.003574  0.004124   0.01617
   106/999     5.13G 0.0008258 0.0009517   0.01441   0.01618        12       640    0.2379    0.7872    0.2788    0.2693  0.003649  0.004097   0.01612
   107/999     5.13G 0.0008361 0.0009543   0.01426   0.01605        12       640    0.2411    0.7738    0.2827    0.2735  0.003577  0.004108   0.01606
   108/999     5.13G  0.000808 0.0009408    0.0143   0.01605        12       640    0.2422    0.7939     0.285    0.2753  0.003578  0.004101   0.01599
   109/999     5.13G 0.0008045 0.0009531   0.01424     0.016        12       640    0.2406    0.8156    0.2848    0.2752  0.003507  0.004111     0.016
   110/999     5.13G  0.000827 0.0009561    0.0142   0.01599        12       640    0.2439    0.7865    0.2847    0.2752  0.003503  0.004105     0.016
   111/999     5.13G  0.000823 0.0009468   0.01421   0.01598        12       640    0.2421    0.7947    0.2852    0.2752  0.003491  0.004193   0.01601
   112/999     5.13G 0.0008411 0.0009519   0.01421     0.016        12       640    0.2436    0.7938     0.285    0.2749  0.003499  0.004135   0.01608
   113/999     5.13G 0.0008319 0.0009481   0.01418   0.01596        12       640    0.2414    0.7916    0.2832    0.2734  0.003432  0.004191   0.01614
   114/999     5.13G 0.0008278 0.0009504   0.01424   0.01602        12       640    0.2438    0.7915    0.2823    0.2726  0.003504  0.004195   0.01612
   115/999     5.13G   0.00083 0.0009489   0.01414   0.01592        12       640    0.2397    0.8173    0.2812    0.2718  0.003535  0.004187   0.01611
   116/999     5.13G 0.0008285 0.0009357   0.01406   0.01583        12       640    0.2448    0.7752    0.2805    0.2711  0.003616  0.004158   0.01612
   117/999     5.13G 0.0007997 0.0009393   0.01408   0.01582        12       640    0.2476    0.7611     0.283    0.2736  0.003575  0.004136    0.0161
   118/999     5.13G 0.0008263 0.0009337   0.01403   0.01579        12       640    0.2436    0.8002    0.2841    0.2742  0.003491  0.004183   0.01607
   119/999     5.13G 0.0008212 0.0009251   0.01408   0.01583        12       640     0.242    0.8435    0.2852    0.2753   0.00355  0.004219   0.01603
   120/999     5.13G 0.0008253 0.0009392   0.01398   0.01575        12       640    0.2461    0.8214    0.2883    0.2784  0.003553  0.004194   0.01603
   121/999     5.13G 0.0008252 0.0009448   0.01392   0.01569        12       640    0.2502    0.7981    0.2906    0.2802  0.003526  0.004231     0.016
   122/999     5.13G 0.0008156 0.0009492   0.01395   0.01571        12       640    0.2542    0.7689    0.2949    0.2848  0.003574  0.004223   0.01596
   123/999     5.13G 0.0008279 0.0009457   0.01387   0.01565        12       640    0.2477    0.8293    0.2961     0.286  0.003609  0.004239   0.01596
   124/999     5.13G 0.0008283 0.0009203   0.01385    0.0156        12       640    0.2501    0.8298    0.2977    0.2872  0.003538  0.004256   0.01602
   125/999     5.13G 0.0008247 0.0009301   0.01382   0.01558        12       640    0.2521    0.8302    0.2999    0.2888  0.003489  0.004252     0.016
   126/999     5.13G 0.0008207 0.0009128   0.01382   0.01555        12       640    0.2543    0.8236    0.3019     0.291  0.003464  0.004218   0.01597
   127/999     5.13G 0.0008408 0.0009312   0.01373    0.0155        12       640    0.2534    0.8191    0.3031    0.2921  0.003496  0.004218   0.01595
   128/999     5.13G 0.0008245 0.0009382   0.01376   0.01552        12       640    0.2509    0.8445     0.303    0.2919  0.003457  0.004216   0.01596
   129/999     5.13G 0.0008232 0.0009406   0.01371   0.01547        12       640    0.2483     0.868    0.3028    0.2918  0.003462  0.004216   0.01596
   130/999     5.13G 0.0008194 0.0009219   0.01373   0.01547        12       640    0.2634    0.7502    0.3029    0.2923  0.003506  0.004208   0.01597
   131/999     5.13G 0.0008374  0.000944   0.01362    0.0154        12       640    0.2576       0.8    0.3039    0.2932  0.003543  0.004217   0.01597
   132/999     5.13G 0.0008472  0.000931   0.01356   0.01534        12       640    0.2619     0.777    0.3052    0.2945  0.003545  0.004223   0.01595
   133/999     5.13G 0.0008237 0.0009353   0.01361   0.01537        12       640    0.2608     0.795    0.3064    0.2953  0.003578  0.004216   0.01595
   134/999     5.13G 0.0008333 0.0009289   0.01354    0.0153        12       640     0.269    0.7497    0.3081    0.2972  0.003562  0.004215   0.01598
   135/999     5.13G  0.000827 0.0009232   0.01353   0.01528        12       640    0.2699    0.7386    0.3105    0.2994  0.003569  0.004179   0.01597
   136/999     5.13G 0.0008389 0.0009317   0.01352   0.01529        12       640    0.2688    0.7508    0.3124    0.3009  0.003503  0.004194   0.01597
   137/999     5.13G 0.0008417 0.0009272   0.01341   0.01518        12       640    0.2686    0.7513    0.3135    0.3019  0.003482  0.004211   0.01598
   138/999     5.13G 0.0008306 0.0009243    0.0134   0.01516        12       640    0.2686    0.7592    0.3167     0.305  0.003469  0.004227   0.01594
   139/999     5.13G 0.0008345  0.000923   0.01338   0.01513        12       640    0.2574     0.828    0.3169    0.3054  0.003466  0.004241   0.01592
   140/999     5.13G 0.0008253 0.0009371   0.01336   0.01512        12       640    0.2588    0.8309    0.3175    0.3061  0.003467  0.004244   0.01593
   141/999     5.13G 0.0008391 0.0009373   0.01332    0.0151        12       640    0.2622    0.8152    0.3188    0.3071   0.00345  0.004224   0.01591
   142/999     5.13G 0.0008211 0.0009401   0.01326   0.01502        12       640     0.267     0.788    0.3201    0.3085  0.003424  0.004198   0.01589
   143/999     5.13G 0.0008387 0.0009351   0.01322   0.01499        12       640    0.2754    0.7369    0.3223    0.3105  0.003421  0.004186    0.0159
   144/999     5.13G 0.0008348 0.0009254   0.01315   0.01491        12       640    0.2677    0.7794     0.322    0.3099   0.00344  0.004181   0.01592
   145/999     5.13G 0.0008304 0.0009285   0.01316   0.01492        12       640    0.2742    0.7456    0.3218    0.3095  0.003447  0.004188   0.01591
   146/999     5.13G 0.0008354  0.000925    0.0131   0.01486        12       640    0.2782    0.7275    0.3228    0.3106  0.003447  0.004189   0.01593
   147/999     5.13G 0.0008366 0.0009358   0.01311   0.01489        12       640    0.2743    0.7476    0.3234    0.3112  0.003489  0.004192   0.01592
   148/999     5.13G 0.0008337 0.0009331   0.01321   0.01498        12       640    0.2765    0.7407    0.3254    0.3129  0.003531  0.004194    0.0159
   149/999     5.13G  0.000822 0.0009293   0.01308   0.01483        12       640    0.2781    0.7395    0.3266    0.3138  0.003543  0.004189   0.01588
   150/999     5.13G 0.0008334 0.0009234   0.01301   0.01476        12       640    0.2784    0.7335    0.3281    0.3152  0.003525  0.004187   0.01586
   151/999     5.13G 0.0008449 0.0009248   0.01295   0.01472        12       640    0.2863    0.7039     0.328    0.3148  0.003541  0.004185   0.01587
   152/999     5.13G 0.0008528 0.0009263   0.01297   0.01475        12       640    0.2852     0.711    0.3288    0.3155  0.003558  0.004178   0.01588
   153/999     5.13G 0.0008366 0.0009238   0.01303   0.01479        12       640    0.2752    0.7549    0.3287    0.3154  0.003569  0.004177   0.01591
   154/999     5.13G 0.0008342 0.0009237   0.01286   0.01462        12       640    0.2837    0.7199    0.3292    0.3159  0.003557  0.004165    0.0159
   155/999     5.13G 0.0008428 0.0009242   0.01285   0.01462        12       640    0.2823    0.7272    0.3296    0.3164  0.003565  0.004177   0.01591
   156/999     5.13G 0.0008369 0.0009167   0.01287   0.01463        12       640    0.2876    0.7045    0.3303    0.3165   0.00359  0.004182   0.01592
   157/999     5.13G 0.0008263 0.0009111   0.01288   0.01462        12       640    0.2839    0.7231    0.3305    0.3169  0.003563  0.004175   0.01593
   158/999     5.13G 0.0008366 0.0009218   0.01287   0.01462        12       640    0.2866    0.7162    0.3302    0.3169  0.003551  0.004177   0.01594
   159/999     5.13G 0.0008259 0.0009143   0.01282   0.01456        12       640    0.2853    0.7168    0.3307    0.3172  0.003562  0.004172   0.01595
   160/999     5.13G 0.0008657 0.0009026   0.01266   0.01443        12       640    0.2802    0.7383    0.3306    0.3168  0.003555  0.004177   0.01598
   161/999     5.13G 0.0008434 0.0009066   0.01267   0.01442        12       640    0.2659    0.8248    0.3307    0.3165  0.003546  0.004181   0.01601
   162/999     5.13G 0.0008546 0.0009071   0.01266   0.01442        12       640    0.2652    0.8298    0.3322    0.3176  0.003555  0.004189   0.01601
   163/999     5.13G 0.0008437 0.0009127   0.01257   0.01432        12       640    0.2634    0.8421    0.3332    0.3188  0.003564  0.004189   0.01601
   164/999     5.13G 0.0008366 0.0009375   0.01253    0.0143        12       640    0.2627    0.8487    0.3335     0.319  0.003574  0.004187   0.01602
   165/999     5.13G 0.0008351  0.000919   0.01258   0.01434        12       640     0.265    0.8351    0.3345    0.3196  0.003577  0.004193   0.01604
   166/999     5.13G 0.0008446 0.0009026   0.01247   0.01422        12       640    0.2642     0.838    0.3351    0.3202  0.003579    0.0042   0.01604
   167/999     5.13G 0.0008599 0.0009253   0.01247   0.01425        12       640    0.2864    0.7178    0.3345    0.3197  0.003582    0.0042   0.01607
   168/999     5.13G  0.000832 0.0009387   0.01241   0.01419        12       640    0.2891    0.6987    0.3354    0.3201   0.00359  0.004194   0.01609
   169/999     5.13G 0.0008566 0.0009115   0.01244   0.01421        12       640    0.2845    0.7252    0.3357    0.3206  0.003585  0.004195    0.0161
   170/999     5.13G 0.0008647 0.0009126   0.01227   0.01404        12       640    0.2897    0.6995    0.3358    0.3206  0.003594  0.004196   0.01612
   171/999     5.13G 0.0008568 0.0009223   0.01224   0.01402        12       640    0.2803    0.7432    0.3358    0.3207  0.003599  0.004194   0.01617
   172/999     5.13G 0.0008492 0.0008997   0.01234   0.01408        12       640    0.2791     0.752    0.3366    0.3213  0.003601  0.004185   0.01618
   173/999     5.13G 0.0008622 0.0009229   0.01231    0.0141        12       640     0.275    0.7747    0.3366    0.3212  0.003598  0.004177   0.01619
   174/999     5.13G 0.0008506 0.0009239   0.01235   0.01412        12       640    0.2794    0.7587    0.3368    0.3212  0.003585  0.004169    0.0162
   175/999     5.13G 0.0008337 0.0009212   0.01233   0.01408        12       640    0.2784    0.7623    0.3379    0.3223  0.003583  0.004161    0.0162
   176/999     5.13G 0.0008594 0.0009145   0.01222   0.01399        12       640    0.2779    0.7658    0.3378    0.3219   0.00358  0.004159   0.01622
   177/999     5.13G 0.0008556  0.000933   0.01209   0.01388        12       640     0.278    0.7691    0.3381    0.3217   0.00358  0.004161   0.01624
   178/999     5.13G  0.000867 0.0009156   0.01215   0.01393        12       640    0.2768    0.7748    0.3385    0.3222  0.003582  0.004161   0.01626
   179/999     5.13G 0.0008563 0.0009195   0.01203   0.01381        12       640    0.2754    0.7819    0.3382    0.3221  0.003585  0.004162   0.01628
   180/999     5.13G 0.0008654 0.0009194   0.01199   0.01378        12       640    0.2802    0.7576    0.3389    0.3227  0.003591  0.004156   0.01628
   181/999     5.13G 0.0008545 0.0009183   0.01195   0.01372        12       640      0.28    0.7609    0.3391    0.3228  0.003605   0.00415   0.01629
   182/999     5.13G 0.0008298 0.0008977   0.01198   0.01371        12       640    0.2813    0.7584    0.3393     0.323  0.003611  0.004143    0.0163
   183/999     5.13G  0.000861 0.0009327     0.012   0.01379        12       640    0.2796     0.763    0.3393    0.3234  0.003625  0.004136   0.01631
   184/999     5.13G 0.0008629 0.0009119   0.01188   0.01366        12       640    0.2805    0.7596    0.3393    0.3234  0.003636  0.004132   0.01632
   185/999     5.13G 0.0008694 0.0009074   0.01174   0.01352        12       640    0.2815    0.7654     0.339    0.3228  0.003635  0.004128   0.01633
   186/999     5.13G 0.0008719 0.0009085   0.01173   0.01351        12       640    0.2907    0.7178     0.339    0.3227  0.003634  0.004126   0.01634
   187/999     5.13G 0.0008542 0.0009145   0.01169   0.01346        12       640    0.2928    0.7149    0.3391    0.3229  0.003647  0.004129   0.01636
   188/999     5.13G 0.0008562 0.0009062   0.01181   0.01358        12       640    0.2931    0.7149    0.3386    0.3223  0.003658  0.004128   0.01637
   189/999     5.13G 0.0008553 0.0009355   0.01172   0.01351        12       640     0.296    0.6979    0.3386    0.3222   0.00367   0.00413   0.01638
   190/999     5.13G 0.0008573 0.0009007   0.01165   0.01341        12       640    0.2995     0.686    0.3388    0.3224  0.003675   0.00413   0.01641
   191/999     5.13G 0.0008665 0.0008986   0.01165   0.01341        12       640    0.3007    0.6816    0.3387     0.322  0.003682  0.004131   0.01644
   192/999     5.13G 0.0008741 0.0009173   0.01157   0.01336        12       640    0.3009    0.6814    0.3387    0.3219  0.003691  0.004133   0.01646
   193/999     5.13G 0.0008733 0.0009218    0.0116   0.01339        12       640    0.2964    0.6963     0.338    0.3212  0.003699  0.004132   0.01648
   194/999     5.13G 0.0008602 0.0009058   0.01153    0.0133        12       640    0.2987     0.691    0.3378     0.321  0.003698  0.004129    0.0165
   195/999     5.13G 0.0008727 0.0009097    0.0115   0.01328        12       640    0.2868    0.7361    0.3374    0.3204  0.003698  0.004128   0.01653
   196/999     5.13G 0.0008765  0.000906   0.01149   0.01327        12       640    0.2864    0.7382    0.3377    0.3206  0.003701   0.00413   0.01655
   197/999     5.13G 0.0008759 0.0009143   0.01147   0.01326        12       640    0.2828    0.7476    0.3372      0.32  0.003698  0.004128   0.01658
   198/999     5.13G 0.0008811 0.0009222   0.01151   0.01331        12       640    0.2812    0.7553     0.337    0.3196  0.003693  0.004126    0.0166
   199/999     5.13G 0.0008831 0.0009369   0.01127   0.01309        12       640    0.2805    0.7564    0.3366    0.3195  0.003689  0.004124   0.01661
   200/999     5.13G 0.0008648  0.000902   0.01129   0.01306        12       640    0.2811    0.7576    0.3374    0.3203  0.003679  0.004122   0.01662
   201/999     5.13G 0.0008859 0.0009076   0.01125   0.01305        12       640    0.2818    0.7534    0.3376    0.3203   0.00368  0.004119   0.01663
   202/999     5.13G 0.0008752 0.0009097   0.01118   0.01297        12       640    0.2809    0.7554    0.3379    0.3206  0.003682  0.004116   0.01665
   203/999     5.13G  0.000878 0.0009123   0.01105   0.01285        12       640     0.278    0.7623    0.3381    0.3206   0.00367  0.004114   0.01667
   204/999     5.13G 0.0008959 0.0009255   0.01095   0.01277        12       640    0.2896    0.7182    0.3383    0.3207  0.003667  0.004111   0.01668
   205/999     5.13G 0.0008829 0.0009104   0.01114   0.01293        12       640    0.2883    0.7217    0.3385    0.3207  0.003667   0.00411   0.01671
   206/999     5.13G 0.0008776 0.0009209   0.01098   0.01278        12       640    0.2913    0.7084    0.3384    0.3205  0.003677  0.004108   0.01673
   207/999     5.13G 0.0008669 0.0009143   0.01115   0.01293        12       640    0.2871    0.7246    0.3383    0.3204  0.003668  0.004106   0.01673
   208/999     5.13G 0.0008809 0.0009179   0.01093   0.01273        12       640    0.2799    0.7577    0.3382    0.3203  0.003664  0.004106   0.01675
   209/999     5.13G 0.0008871 0.0009002   0.01086   0.01264        12       640    0.2868     0.734    0.3381    0.3202   0.00366  0.004108   0.01677
   210/999     5.13G 0.0008912 0.0009165   0.01086   0.01266        12       640    0.2863    0.7329    0.3383    0.3203  0.003655  0.004108   0.01679
   211/999     5.13G 0.0008813 0.0009172   0.01085   0.01265        12       640    0.2802    0.7607    0.3378      0.32  0.003649  0.004108   0.01681
   212/999     5.13G 0.0008778  0.000896   0.01075   0.01252        12       640    0.2795    0.7628    0.3377    0.3198  0.003658   0.00411   0.01683
   213/999     5.13G 0.0008983 0.0009077   0.01069    0.0125        12       640    0.2804    0.7597    0.3376    0.3194  0.003644  0.004111   0.01685
   214/999     5.13G 0.0008967 0.0009254   0.01062   0.01245        12       640    0.2808    0.7618    0.3379    0.3197  0.003644   0.00411   0.01687
   215/999     5.13G 0.0008972 0.0009089   0.01066   0.01247        12       640    0.2776    0.7732    0.3379    0.3197  0.003637   0.00411   0.01689
   216/999     5.13G 0.0009068 0.0009054   0.01051   0.01232        12       640    0.2788    0.7715    0.3381    0.3201  0.003634  0.004106   0.01692
   217/999     5.13G 0.0008937 0.0009218   0.01064   0.01245        12       640    0.2796     0.772    0.3386    0.3205  0.003626  0.004105   0.01694
   218/999     5.13G 0.0008986 0.0009236   0.01059   0.01241        12       640    0.2778     0.776    0.3383    0.3202  0.003621  0.004105   0.01696
   219/999     5.13G 0.0008986 0.0009106   0.01062   0.01243        12       640     0.278    0.7752    0.3381    0.3198  0.003631  0.004105   0.01698
   220/999     5.13G 0.0008749 0.0008729   0.01052   0.01227        12       640    0.2774    0.7783    0.3386    0.3203  0.003625  0.004108   0.01699
   221/999     5.13G 0.0008939 0.0009165   0.01051   0.01232        12       640    0.2764    0.7817     0.338    0.3198  0.003617  0.004109   0.01701
   222/999     5.13G 0.0009065 0.0009209   0.01041   0.01224        12       640     0.276    0.7832    0.3378    0.3196  0.003603  0.004109   0.01703
   223/999     5.13G 0.0008911 0.0009073   0.01035   0.01215        12       640    0.2763    0.7818    0.3381    0.3196  0.003608  0.004111   0.01705
   224/999     5.13G 0.0009091 0.0008959   0.01039    0.0122        12       640    0.2755    0.7849    0.3384    0.3198  0.003608  0.004112   0.01707
   225/999     5.13G 0.0009277 0.0009109   0.01034   0.01218        12       640    0.2756    0.7829    0.3387    0.3197  0.003606  0.004115   0.01709
   226/999     5.13G 0.0009129 0.0009328   0.01021   0.01205        12       640    0.2766     0.783    0.3382    0.3192  0.003613  0.004117   0.01712
   227/999     5.13G 0.0009141 0.0009082   0.01024   0.01206        12       640     0.277    0.7801    0.3389    0.3199  0.003605   0.00412   0.01715
   228/999     5.13G 0.0009344 0.0009234   0.01006   0.01192        12       640     0.277    0.7817    0.3384    0.3195  0.003618  0.004121   0.01717
   229/999     5.13G 0.0009015 0.0009124      0.01   0.01182        12       640    0.2778    0.7745    0.3385    0.3195  0.003617  0.004122   0.01719
   230/999     5.13G 0.0009182 0.0009098   0.01009   0.01192        12       640    0.2765    0.7797    0.3388    0.3195  0.003624  0.004122   0.01721
   231/999     5.13G 0.0009071 0.0009085   0.01002   0.01183        12       640    0.2746    0.7887    0.3386    0.3195  0.003628   0.00412   0.01722
   232/999     5.13G 0.0009209 0.0008974  0.009897   0.01171        12       640     0.275    0.7925    0.3385    0.3194  0.003633  0.004121   0.01724
   233/999     5.13G 0.0009305 0.0009147   0.00981   0.01165        12       640     0.274    0.7939    0.3387    0.3195  0.003639  0.004122   0.01726
