     0/999    0.388G   0.02832   0.01371   0.03893   0.08096        15       640   0.01736    0.3712   0.01586  0.003522   0.01534  0.005599   0.02109
     1/999     4.82G   0.02675   0.00827   0.03208    0.0671        14       640  0.008552    0.3335   0.01068  0.001987   0.01265  0.004506   0.02056
     2/999     5.28G   0.02479  0.007866   0.03064    0.0633        17       640   0.01212   0.09267    0.0279  0.006119  0.009325  0.004466   0.02034
     3/999     5.29G   0.02168  0.007768    0.0303   0.05975        14       640   0.09731    0.5435   0.09092   0.03049   0.00992  0.003963   0.02034
     4/999     5.29G   0.02086  0.008114   0.03174   0.06071        15       640   0.09565     0.633    0.1103   0.04608  0.009199  0.003864   0.02032
     5/999     5.29G   0.01753  0.007844   0.03073   0.05611        12       640    0.1178    0.2942   0.09778   0.04869  0.007476  0.004086   0.02033
     6/999     5.29G   0.01528  0.007381    0.0298   0.05245        12       640    0.1299    0.3613    0.1135   0.05835  0.006217  0.003638   0.02031
     7/999     5.29G   0.01425  0.006086   0.03004   0.05037        14       640    0.1898    0.8042    0.1982    0.1195  0.005597  0.003017   0.02031
     8/999     5.29G   0.01296  0.005171   0.03066   0.04879        12       640    0.1985    0.9255    0.2141    0.1623  0.004693  0.002556   0.02032
     9/999     5.29G   0.01194  0.004689   0.03057   0.04719        15       640    0.1994    0.9694    0.2171    0.1727  0.004539  0.002495   0.02032
    10/999     5.29G   0.01129  0.004189   0.03172    0.0472        15       640    0.1998    0.9958    0.2131    0.1811  0.004157  0.001961   0.02031
    11/999     5.29G  0.008975  0.003772   0.02871   0.04146        17       640    0.1998    0.9986    0.2135    0.1789  0.003967  0.002078   0.02033
    12/999     5.29G  0.008535  0.003428     0.029   0.04097        12       640    0.1998    0.9986    0.2139    0.2016  0.003249   0.00178   0.02032
    13/999     5.29G  0.008526  0.003031   0.02954    0.0411        14       640    0.1999    0.9995    0.2167    0.2008  0.003493  0.001839   0.02032
    14/999     5.29G  0.008073  0.002932    0.0301   0.04111        12       640    0.1997    0.9989    0.2136    0.1825  0.004389  0.002507   0.02033
    15/999     5.29G  0.007722  0.002765   0.02956   0.04005        18       640    0.1999    0.9995    0.2163    0.2009  0.003105  0.001959   0.02032
    16/999     5.29G  0.007477  0.002725    0.0298      0.04        16       640       0.2    0.9979    0.2136    0.2042  0.003112  0.001878   0.02031
    17/999     5.29G  0.007779  0.002565   0.03023   0.04058        18       640       0.2    0.9984    0.2126    0.2079  0.002727  0.002015   0.02031
    18/999     5.29G  0.006991  0.002526   0.02924   0.03875        15       640    0.1999    0.9976    0.2164     0.207  0.003154  0.002081   0.02031
    19/999     5.29G  0.007277   0.00252   0.03075   0.04055        15       640       0.2    0.9979    0.2143    0.2019  0.003105  0.001888   0.02031
    20/999     5.29G  0.006047  0.002272   0.02852   0.03684        21       640       0.2    0.9976    0.2123    0.2006  0.002856  0.001878   0.02031
    21/999     5.29G  0.006143  0.002304    0.0293   0.03775        18       640    0.2003    0.9931      0.21    0.2051   0.00267  0.001991   0.02031
    22/999     5.29G   0.00648  0.002238   0.03027   0.03899        12       640    0.2005    0.9874     0.214    0.2079  0.002856  0.001836   0.02031
    23/999     5.29G  0.006534  0.002256   0.03019   0.03898        15       640    0.2001    0.9975    0.2147    0.2111  0.002499  0.001972   0.02031
    24/999     5.29G  0.006303  0.002244   0.03074   0.03929        16       640    0.2006    0.9842    0.2131    0.2077  0.002776  0.002081   0.02031
    25/999     5.29G  0.005523  0.002141   0.02864    0.0363        18       640       0.2    0.9994     0.216     0.212  0.002474  0.001895   0.02032
    26/999     5.29G  0.005375   0.00206   0.02952   0.03696        12       640    0.2001    0.9948    0.2149    0.2118  0.002387  0.001889   0.02031
    27/999     5.29G  0.005536  0.002076    0.0291   0.03671        13       640    0.2002    0.9953     0.217    0.2141  0.002322  0.001821   0.02031
    28/999     5.29G  0.005913  0.002078   0.03083   0.03883        17       640    0.2001    0.9974    0.2162    0.2132   0.00238   0.00187   0.02031
    29/999     5.29G  0.005778  0.001975   0.02917   0.03693        12       640    0.2003    0.9892    0.2148    0.2093   0.00271  0.001926   0.02031
    30/999     5.29G  0.005561  0.001941   0.02995   0.03745        14       640       0.2    0.9974    0.2202    0.2155   0.00213  0.001693   0.02031
    31/999     5.29G  0.006067  0.001934   0.03015   0.03815        17       640       0.2    0.9994    0.2173    0.2144  0.002155  0.001635   0.02031
    32/999     5.29G  0.005542  0.001825   0.02943    0.0368        19       640    0.2001    0.9979    0.2205     0.217  0.002199   0.00179   0.02031
    33/999     5.29G  0.005864  0.001831    0.0302    0.0379        16       640    0.2003    0.9952    0.2175    0.2136   0.00218  0.001761   0.02031
    34/999     5.29G  0.005585  0.001862   0.02995    0.0374        13       640    0.2003    0.9929    0.2184    0.2149  0.001942  0.001582   0.02031
    35/999     5.29G  0.005683  0.001825   0.03114   0.03865        16       640    0.2001    0.9957    0.2192    0.2153  0.001951  0.001726   0.02031
    36/999     5.29G  0.005044  0.001776   0.02895   0.03577        15       640    0.2001    0.9971    0.2214    0.2175  0.001981  0.001529   0.02031
    37/999     5.29G  0.005298  0.001788   0.03005   0.03713        13       640    0.1999    0.9995    0.2215    0.2179  0.001961  0.001607   0.02031
    38/999     5.29G  0.005102  0.001784   0.02984   0.03672        12       640    0.2002    0.9974    0.2171     0.213  0.002025  0.001565   0.02031
    39/999     5.29G  0.005387  0.001764   0.03006   0.03721        18       640    0.2001    0.9974     0.219    0.2161  0.002021  0.001647   0.02031
    40/999     5.29G   0.00548  0.001805   0.03114   0.03843        12       640    0.2001    0.9984    0.2219     0.219  0.001913  0.001458   0.02031
    41/999     5.29G  0.005309  0.001677   0.03003   0.03702        14       640       0.2    0.9986    0.2173     0.214   0.00191   0.00162   0.02031
    42/999     5.29G  0.005416   0.00168   0.03048   0.03757        15       640       0.2    0.9994    0.2181    0.2141  0.001773  0.001607   0.02031
    43/999     5.29G  0.004875  0.001742   0.03102   0.03764        12       640       0.2    0.9974    0.2249    0.2216  0.001699  0.001521   0.02031
    44/999     5.29G  0.004861  0.001704   0.03003   0.03659        17       640    0.2001    0.9974    0.2226    0.2196  0.001726  0.001598   0.02031
    45/999     5.29G  0.004628  0.001726   0.03004   0.03639        15       640       0.2    0.9984    0.2216    0.2177  0.001846  0.001518   0.02031
    46/999     5.29G  0.004789  0.001683   0.02992    0.0364        18       640    0.1999    0.9995    0.2232     0.219  0.001699  0.001624   0.02031
    47/999     5.29G  0.004292  0.001608   0.02862   0.03452        12       640    0.2007    0.9889    0.2204    0.2167  0.001762  0.001559   0.02031
    48/999     5.29G  0.004353  0.001585   0.02862   0.03455        12       640    0.2026    0.9551    0.2194    0.2159  0.001869  0.001587   0.02031
    49/999     5.29G  0.005123  0.001623   0.03025   0.03699        12       640       0.2    0.9978    0.2186    0.2149  0.002047  0.001615   0.02031
    50/999     5.29G   0.00512  0.001631   0.03136   0.03811        16       640    0.2001    0.9984    0.2196    0.2161  0.001664  0.001479   0.02031
    51/999     5.29G  0.004325  0.001578   0.02937   0.03527        19       640       0.2    0.9987    0.2179    0.2146  0.001822  0.001717   0.02031
    52/999     5.29G  0.004636   0.00165   0.03068   0.03697        17       640    0.1999    0.9995    0.2223    0.2192  0.001708  0.001706   0.02031
    53/999     5.29G   0.00421  0.001637   0.03015   0.03599        13       640    0.2006    0.9894    0.2195    0.2165  0.001732  0.001621   0.02031
    54/999     5.29G  0.004454  0.001555   0.03069    0.0367        15       640    0.1999    0.9995    0.2165    0.2135  0.001804  0.001586   0.02031
    55/999     5.29G  0.004905  0.001621   0.03073   0.03726        18       640       0.2    0.9984    0.2181    0.2154  0.001662  0.001639   0.02031
    56/999     5.29G  0.004762  0.001595   0.03047   0.03682        13       640       0.2     0.999    0.2211    0.2181  0.001693  0.001568   0.02031
    57/999     5.29G  0.004755   0.00156   0.03123   0.03755        13       640       0.2    0.9974    0.2174    0.2138  0.001557  0.001568    0.0203
    58/999     5.29G  0.005101  0.001613    0.0317   0.03841        18       640    0.1999    0.9995    0.2212    0.2176  0.001604  0.001518   0.02031
    59/999     5.29G  0.004026  0.001482    0.0286   0.03411        15       640    0.2001     0.999    0.2137    0.2107  0.001713  0.001636   0.02031
    60/999     5.29G   0.00375  0.001505   0.02905   0.03431        17       640       0.2    0.9963    0.2167    0.2128  0.001643  0.001663   0.02031
    61/999     5.29G  0.004163  0.001472   0.03015   0.03578        16       640    0.1999    0.9995    0.2139    0.2105  0.001583  0.001566   0.02031
    62/999     5.29G  0.004359   0.00153   0.02994   0.03582        15       640       0.2    0.9983     0.215    0.2112  0.001638  0.001538   0.02031
    63/999     5.29G  0.004119  0.001508   0.03036   0.03599        12       640    0.1999    0.9995    0.2096     0.207  0.001569  0.001661   0.02031
    64/999     5.29G  0.004004  0.001469   0.03026   0.03573        19       640    0.1999    0.9991    0.2161    0.2135  0.001706  0.001685   0.02031
    65/999     5.29G  0.003881  0.001433   0.02905   0.03436        16       640    0.1999    0.9995    0.2117    0.2091  0.001633  0.001714   0.02031
    66/999     5.29G  0.003864  0.001494   0.03057   0.03593        15       640    0.1999    0.9995    0.2122    0.2096   0.00158  0.001649   0.02031
    67/999     5.29G  0.003838  0.001396   0.02948   0.03471        22       640       0.2    0.9978    0.2124    0.2099  0.001591  0.001616   0.02031
    68/999     5.29G  0.003943  0.001438   0.02895   0.03434        19       640       0.2    0.9995    0.2152    0.2124  0.001622  0.001553   0.02031
    69/999     5.29G   0.00427  0.001446   0.03057   0.03629        19       640    0.2001    0.9974    0.2124    0.2098  0.001622  0.001605   0.02031
    70/999     5.29G  0.004373  0.001484    0.0308   0.03666        16       640       0.2    0.9974    0.2116    0.2093  0.001605  0.001674   0.02031
    71/999     5.29G  0.003755  0.001448   0.02991   0.03511        18       640       0.2    0.9989    0.2141    0.2116  0.001582  0.001702   0.02031
    72/999     5.29G  0.003797  0.001385   0.03026   0.03544        14       640    0.2001    0.9975    0.2141    0.2115  0.001613  0.001687   0.02031
    73/999     5.29G  0.004442  0.001452   0.03114   0.03703        18       640       0.2    0.9984     0.215    0.2124    0.0016  0.001734   0.02031
