      0/24    0.388G   0.07736   0.02047   0.02946    0.1273        37       640         0         0         0         0         0         0         0
      1/24      4.7G   0.06059   0.02064   0.02746    0.1087        42       640         0         0         0         0         0         0         0
      2/24     4.71G   0.05237   0.02069   0.02772    0.1008        43       640         0         0         0         0         0         0         0
      3/24     4.71G   0.04237   0.01795   0.02742   0.08774        35       640         0         0         0         0         0         0         0
      4/24     4.71G   0.03426   0.01505   0.02739    0.0767        36       640         0         0         0         0         0         0         0
      5/24     4.71G   0.02905   0.01249   0.02752   0.06906        41       640         0         0         0         0         0         0         0
      6/24     4.71G   0.02337   0.01068   0.02752   0.06157        45       640         0         0         0         0         0         0         0
      7/24     4.71G   0.02003  0.009751   0.02744   0.05722        40       640         0         0         0         0         0         0         0
      8/24     4.71G   0.01743  0.008968   0.02724   0.05363        28       640         0         0         0         0         0         0         0
      9/24     4.71G   0.01639  0.008622   0.02756   0.05257        39       640         0         0         0         0         0         0         0
     10/24     4.71G   0.01512  0.008174   0.02759   0.05089        37       640         0         0         0         0         0         0         0
     11/24     4.71G   0.01418  0.007693   0.02715   0.04902        37       640         0         0         0         0         0         0         0
     12/24     4.71G   0.01355  0.007644   0.02742   0.04862        38       640         0         0         0         0         0         0         0
     13/24     4.71G   0.01264  0.007467   0.02771   0.04781        25       640         0         0         0         0         0         0         0
     14/24     4.71G   0.01199  0.007151   0.02719   0.04632        46       640         0         0         0         0         0         0         0
     15/24     4.71G   0.01113   0.00694   0.02732    0.0454        33       640         0         0         0         0         0         0         0
     16/24     4.71G   0.01071  0.006876   0.02732   0.04491        39       640         0         0         0         0         0         0         0
     17/24     4.71G   0.01022  0.006598    0.0274   0.04422        42       640         0         0         0         0         0         0         0
     18/24     4.71G  0.009537  0.006399   0.02714   0.04308        28       640         0         0         0         0         0         0         0
     19/24     4.71G  0.009273  0.006226   0.02732   0.04282        33       640         0         0         0         0         0         0         0
     20/24     4.71G   0.00867  0.006243   0.02712   0.04203        39       640         0         0         0         0         0         0         0
     21/24     4.71G  0.008757  0.006039   0.02736   0.04216        31       640         0         0         0         0         0         0         0
     22/24     4.71G   0.00876  0.005985   0.02747   0.04221        40       640         0         0         0         0         0         0         0
     23/24     4.71G  0.008092  0.005974    0.0274   0.04147        34       640         0         0         0         0         0         0         0
     24/24     4.71G  0.008329  0.006028   0.02758   0.04193        42       640       0.2    0.9979    0.2279    0.2236   0.00276  0.001579  0.009716
      0/24      4.7G   0.06121   0.01871   0.02352    0.1034        38       640         0         0         0         0         0         0         0
      1/24      4.7G   0.04772   0.01814   0.02229   0.08815        43       640         0         0         0         0         0         0         0
      2/24      4.7G   0.03957   0.01794    0.0218   0.07932        43       640         0         0         0         0         0         0         0
      3/24      4.7G   0.03258   0.01521   0.02229   0.07008        35       640         0         0         0         0         0         0         0
      4/24      4.7G   0.02392    0.0127   0.02152   0.05815        36       640         0         0         0         0         0         0         0
      5/24      4.7G   0.01886   0.01031   0.02156   0.05073        41       640         0         0         0         0         0         0         0
      6/24      4.7G   0.01655  0.008355    0.0221   0.04701        47       640         0         0         0         0         0         0         0
      7/24      4.7G   0.01399  0.007233   0.02188    0.0431        41       640         0         0         0         0         0         0         0
      8/24      4.7G   0.01325  0.006612   0.02219   0.04205        28       640         0         0         0         0         0         0         0
      9/24      4.7G    0.0122  0.006203   0.02229    0.0407        38       640         0         0         0         0         0         0         0
     10/24      4.7G   0.01123  0.005804   0.02197   0.03901        39       640         0         0         0         0         0         0         0
     11/24      4.7G  0.009901  0.005409   0.02145   0.03676        37       640         0         0         0         0         0         0         0
     12/24      4.7G   0.01058  0.005333   0.02218    0.0381        38       640         0         0         0         0         0         0         0
     13/24      4.7G    0.0097  0.005208   0.02208   0.03699        28       640         0         0         0         0         0         0         0
     14/24      4.7G  0.009135  0.005017   0.02219   0.03634        46       640         0         0         0         0         0         0         0
     15/24      4.7G  0.007812  0.004791    0.0212    0.0338        33       640         0         0         0         0         0         0         0
     16/24      4.7G  0.008462  0.004714    0.0222   0.03537        39       640         0         0         0         0         0         0         0
     17/24      4.7G  0.008052  0.004476   0.02233   0.03486        43       640         0         0         0         0         0         0         0
     18/24      4.7G  0.007049  0.004323   0.02195   0.03332        28       640         0         0         0         0         0         0         0
     19/24      4.7G  0.006757  0.004217    0.0217   0.03267        33       640         0         0         0         0         0         0         0
     20/24      4.7G  0.006331  0.004207   0.02162   0.03216        39       640         0         0         0         0         0         0         0
     21/24      4.7G    0.0064  0.004055   0.02173   0.03219        32       640         0         0         0         0         0         0         0
     22/24      4.7G  0.006384  0.004045    0.0219   0.03233        40       640         0         0         0         0         0         0         0
     23/24      4.7G  0.006132  0.003922   0.02199   0.03204        34       640         0         0         0         0         0         0         0
     24/24      4.7G  0.005934  0.003883   0.02186   0.03168        43       640    0.2002    0.9979     0.215    0.2118  0.003071  0.001715   0.01047
      0/24      4.7G   0.06129    0.0184   0.02377    0.1035        28       640         0         0         0         0         0         0         0
      1/24      4.7G   0.04768   0.01857   0.02212   0.08837        22       640         0         0         0         0         0         0         0
      2/24      4.7G   0.04082   0.01861   0.02236   0.08178        39       640         0         0         0         0         0         0         0
      3/24      4.7G   0.03354   0.01614   0.02219   0.07187        38       640         0         0         0         0         0         0         0
      4/24      4.7G   0.02729   0.01346   0.02226   0.06301        32       640         0         0         0         0         0         0         0
      5/24      4.7G   0.02277   0.01155   0.02229   0.05661        37       640         0         0         0         0         0         0         0
      6/24      4.7G   0.01898   0.01004   0.02215   0.05117        40       640         0         0         0         0         0         0         0
      7/24      4.7G   0.01635  0.008931   0.02205   0.04733        25       640         0         0         0         0         0         0         0
      8/24      4.7G   0.01464  0.008526   0.02216   0.04533        28       640         0         0         0         0         0         0         0
      9/24      4.7G   0.01399  0.008153   0.02233   0.04447        35       640         0         0         0         0         0         0         0
     10/24      4.7G   0.01212  0.007611   0.02223   0.04197        34       640         0         0         0         0         0         0         0
     11/24      4.7G   0.01157  0.007228   0.02211   0.04091        30       640         0         0         0         0         0         0         0
     12/24      4.7G   0.01072  0.007087   0.02194   0.03975        36       640         0         0         0         0         0         0         0
     13/24      4.7G   0.01031   0.00682   0.02235   0.03948        43       640         0         0         0         0         0         0         0
     14/24      4.7G    0.0101  0.006662   0.02206   0.03882        35       640         0         0         0         0         0         0         0
     15/24      4.7G   0.00925  0.006398   0.02213   0.03778        36       640         0         0         0         0         0         0         0
     16/24      4.7G  0.008823  0.006274    0.0221    0.0372        36       640         0         0         0         0         0         0         0
     17/24      4.7G   0.00867  0.006016   0.02238   0.03706        35       640         0         0         0         0         0         0         0
     18/24      4.7G   0.00807  0.005806   0.02214   0.03602        40       640         0         0         0         0         0         0         0
     19/24      4.7G  0.007755  0.005671   0.02203   0.03546        38       640         0         0         0         0         0         0         0
     20/24      4.7G  0.007367  0.005519   0.02226   0.03514        36       640         0         0         0         0         0         0         0
     21/24      4.7G  0.007389  0.005263   0.02207   0.03473        27       640         0         0         0         0         0         0         0
     22/24      4.7G  0.007163  0.005071   0.02192   0.03416        38       640         0         0         0         0         0         0         0
     23/24      4.7G  0.007008  0.005007   0.02209    0.0341        33       640         0         0         0         0         0         0         0
     24/24      4.7G  0.006763  0.004891   0.02229   0.03395        30       640    0.2002    0.9942    0.2128    0.2063  0.002228  0.001799   0.00781
      0/24      4.7G   0.07303   0.01948   0.02846     0.121        28       640         0         0         0         0         0         0         0
      1/24      4.7G   0.05693   0.01984   0.02676    0.1035        22       640         0         0         0         0         0         0         0
      2/24      4.7G   0.04924   0.01959   0.02681   0.09563        39       640         0         0         0         0         0         0         0
      3/24      4.7G    0.0399   0.01695   0.02668   0.08353        38       640         0         0         0         0         0         0         0
      4/24      4.7G   0.03342   0.01456   0.02703   0.07502        32       640         0         0         0         0         0         0         0
      5/24      4.7G   0.02827   0.01215    0.0265   0.06692        37       640         0         0         0         0         0         0         0
      6/24      4.7G   0.02412   0.01036   0.02674   0.06121        40       640         0         0         0         0         0         0         0
      7/24      4.7G   0.02094  0.009232   0.02676   0.05694        25       640         0         0         0         0         0         0         0
      8/24      4.7G   0.01838  0.008756   0.02677   0.05391        28       640         0         0         0         0         0         0         0
      9/24      4.7G   0.01753  0.008331   0.02689   0.05275        35       640         0         0         0         0         0         0         0
     10/24      4.7G   0.01554  0.007846   0.02675   0.05013        34       640         0         0         0         0         0         0         0
     11/24      4.7G   0.01472  0.007367   0.02647   0.04856        31       640         0         0         0         0         0         0         0
     12/24      4.7G   0.01383  0.007204    0.0265   0.04754        36       640         0         0         0         0         0         0         0
     13/24      4.7G   0.01295  0.006987   0.02687   0.04681        43       640         0         0         0         0         0         0         0
     14/24      4.7G   0.01255  0.006831   0.02641   0.04579        35       640         0         0         0         0         0         0         0
     15/24      4.7G   0.01148  0.006642   0.02649   0.04461        36       640         0         0         0         0         0         0         0
     16/24      4.7G   0.01103  0.006511    0.0266   0.04414        36       640         0         0         0         0         0         0         0
     17/24      4.7G   0.01079  0.006295   0.02716   0.04424        35       640         0         0         0         0         0         0         0
     18/24      4.7G  0.009939  0.006111   0.02667   0.04272        32       640         0         0         0         0         0         0         0
     19/24      4.7G  0.009761     0.006   0.02665   0.04241        38       640         0         0         0         0         0         0         0
     20/24      4.7G  0.009055  0.005943   0.02648   0.04147        38       640         0         0         0         0         0         0         0
     21/24      4.7G  0.009024  0.005855   0.02652    0.0414        26       640         0         0         0         0         0         0         0
     22/24      4.7G  0.008689  0.005619   0.02639    0.0407        39       640         0         0         0         0         0         0         0
     23/24      4.7G  0.008443   0.00566   0.02657   0.04067        35       640         0         0         0         0         0         0         0
     24/24      4.7G  0.008574  0.005632   0.02694   0.04115        26       640    0.1999     0.998     0.213    0.2064  0.003109  0.002001   0.00961
      0/24      4.7G   0.07381   0.01901   0.03081    0.1236        37       640         0         0         0         0         0         0         0
      1/24      4.7G   0.05892   0.01889   0.02881    0.1066        43       640         0         0         0         0         0         0         0
      2/24      4.7G    0.0514   0.01934   0.02912   0.09986        43       640         0         0         0         0         0         0         0
      3/24      4.7G   0.04219    0.0174   0.02866   0.08825        35       640         0         0         0         0         0         0         0
      4/24      4.7G   0.03377   0.01448   0.02859   0.07684        36       640         0         0         0         0         0         0         0
      5/24      4.7G    0.0278   0.01184   0.02878   0.06841        41       640         0         0         0         0         0         0         0
      6/24      4.7G   0.02355   0.01018   0.02901   0.06274        45       640         0         0         0         0         0         0         0
      7/24      4.7G   0.01995  0.009105   0.02883   0.05789        40       640         0         0         0         0         0         0         0
      8/24      4.7G   0.01737  0.008396   0.02859   0.05435        28       640         0         0         0         0         0         0         0
      9/24      4.7G   0.01643  0.008067   0.02897   0.05346        39       640         0         0         0         0         0         0         0
     10/24      4.7G    0.0147  0.007619   0.02894   0.05126        37       640         0         0         0         0         0         0         0
     11/24      4.7G   0.01378  0.007116    0.0285   0.04939        37       640         0         0         0         0         0         0         0
     12/24      4.7G   0.01286  0.006941   0.02877   0.04857        38       640         0         0         0         0         0         0         0
     13/24      4.7G    0.0123  0.006849   0.02909   0.04824        25       640         0         0         0         0         0         0         0
     14/24      4.7G   0.01159  0.006557   0.02855    0.0467        46       640         0         0         0         0         0         0         0
     15/24      4.7G    0.0106  0.006263    0.0287   0.04557        33       640         0         0         0         0         0         0         0
     16/24      4.7G   0.01027  0.006278    0.0287   0.04524        39       640         0         0         0         0         0         0         0
     17/24      4.7G  0.009848   0.00599    0.0286   0.04444        42       640         0         0         0         0         0         0         0
     18/24      4.7G  0.009048  0.005792    0.0285   0.04334        29       640         0         0         0         0         0         0         0
     19/24      4.7G   0.00886  0.005614   0.02867   0.04314        33       640         0         0         0         0         0         0         0
     20/24      4.7G  0.008483  0.005681   0.02846   0.04263        39       640         0         0         0         0         0         0         0
     21/24      4.7G  0.008488    0.0055   0.02884   0.04283        31       640         0         0         0         0         0         0         0
     22/24      4.7G  0.008457  0.005463   0.02884   0.04276        40       640         0         0         0         0         0         0         0
     23/24      4.7G   0.00776  0.005458   0.02877   0.04199        34       640         0         0         0         0         0         0         0
     24/24      4.7G  0.007989  0.005527   0.02908   0.04259        42       640    0.2001    0.9984    0.2127    0.2088  0.002808  0.001834   0.01027
      0/24      4.7G   0.06511   0.02452   0.03753    0.1272        36       640         0         0         0         0         0         0         0
      1/24      4.7G   0.05367   0.02376   0.03533    0.1128        30       640         0         0         0         0         0         0         0
      2/24      4.7G   0.04794   0.02437   0.03568     0.108        33       640         0         0         0         0         0         0         0
      3/24      4.7G   0.04052   0.02281   0.03558   0.09891        32       640         0         0         0         0         0         0         0
      4/24      4.7G   0.03302    0.0189   0.03513   0.08705        39       640         0         0         0         0         0         0         0
      5/24      4.7G   0.02602   0.01522   0.03499   0.07623        37       640         0         0         0         0         0         0         0
      6/24      4.7G    0.0204   0.01286   0.03518   0.06843        48       640         0         0         0         0         0         0         0
      7/24      4.7G   0.01778   0.01129   0.03543    0.0645        34       640         0         0         0         0         0         0         0
      8/24      4.7G   0.01496    0.0106   0.03467   0.06024        32       640         0         0         0         0         0         0         0
      9/24      4.7G   0.01422  0.009884   0.03519    0.0593        30       640         0         0         0         0         0         0         0
     10/24      4.7G   0.01302  0.009473   0.03533   0.05782        36       640         0         0         0         0         0         0         0
     11/24      4.7G   0.01213  0.008789   0.03514   0.05606        39       640         0         0         0         0         0         0         0
     12/24      4.7G   0.01099  0.008352   0.03487   0.05421        38       640         0         0         0         0         0         0         0
     13/24      4.7G   0.01045  0.008144   0.03515   0.05375        39       640         0         0         0         0         0         0         0
     14/24      4.7G   0.01037  0.007701   0.03543    0.0535        36       640         0         0         0         0         0         0         0
     15/24      4.7G  0.009753  0.007383   0.03519   0.05232        41       640         0         0         0         0         0         0         0
     16/24      4.7G  0.009388  0.007016   0.03526   0.05166        30       640         0         0         0         0         0         0         0
     17/24      4.7G  0.008707  0.006573   0.03509   0.05037        27       640         0         0         0         0         0         0         0
     18/24      4.7G  0.008661  0.006611   0.03531   0.05058        43       640         0         0         0         0         0         0         0
     19/24      4.7G  0.007943  0.006259   0.03493   0.04913        51       640         0         0         0         0         0         0         0
     20/24      4.7G  0.007479  0.006079    0.0345   0.04806        34       640         0         0         0         0         0         0         0
     21/24      4.7G  0.007335  0.005841   0.03507   0.04825        41       640         0         0         0         0         0         0         0
     22/24      4.7G  0.007582  0.006126   0.03539    0.0491        35       640         0         0         0         0         0         0         0
     23/24      4.7G  0.006936  0.005898   0.03468   0.04751        35       640         0         0         0         0         0         0         0
     24/24      4.7G  0.007024  0.005684    0.0356   0.04831        34       640    0.1999     0.999    0.2117    0.2077  0.002607  0.002286   0.01244
