     0/299    0.388G   0.03781  0.003632  0.008294   0.04973        39       640    0.2006    0.6775    0.2047    0.1384  0.008422 0.0007706  0.003195
     1/299     4.82G   0.02231  0.002721  0.006841   0.03187        39       640    0.2011    0.8731    0.2106    0.1591  0.009464 0.0005123  0.003092
     2/299     5.29G   0.01977  0.002393  0.006605   0.02877        41       640    0.2004    0.9847    0.2131    0.1847  0.005681 0.0004568  0.003067
     3/299     5.29G   0.02024   0.00235  0.006674   0.02927        42       640    0.2009    0.9743    0.2134    0.1751  0.006752 0.0004507  0.003069
     4/299     5.29G   0.01708  0.002132  0.006407   0.02562        35       640    0.1985    0.9764    0.2122    0.1797  0.006705 0.0004839  0.003051
     5/299     5.29G   0.01592  0.002015  0.006435   0.02436        40       640    0.1955    0.7293    0.2009    0.1348  0.009041 0.0006107  0.003064
     6/299     5.29G    0.0145  0.001941  0.006226   0.02267        37       640    0.1998    0.9975    0.2132    0.1712  0.007179 0.0005853  0.003019
     7/299     5.29G   0.01332  0.001801  0.006255   0.02137        45       640    0.2001    0.9952     0.212    0.1688  0.007434 0.0004404  0.003044
     8/299     5.29G   0.01256  0.001692  0.006282   0.02053        43       640       0.2    0.9974    0.2137    0.1671  0.008314 0.0004554  0.003042
     9/299     5.29G   0.01284   0.00168   0.00633   0.02084        36       640    0.2004     0.989    0.2124    0.1703  0.007521  0.000503  0.003042
    10/299     5.29G   0.01221  0.001622  0.006183   0.02001        40       640    0.2004    0.9922    0.2119    0.1832  0.006684   0.00055  0.003038
    11/299     5.29G   0.01219  0.001652  0.006403   0.02024        43       640       0.2    0.9974    0.2146    0.1734  0.007216 0.0004797  0.003022
    12/299     5.29G   0.01131   0.00157   0.00621   0.01909        52       640    0.2002    0.9942    0.2098    0.1676  0.006417 0.0005155  0.003033
    13/299     5.29G    0.0115   0.00156  0.006236    0.0193        39       640    0.2008     0.976    0.2147    0.1726   0.00735 0.0005157  0.003035
    14/299     5.29G   0.01187  0.001607  0.006345   0.01982        42       640    0.2006    0.9921    0.2124    0.1886  0.005482 0.0005394  0.003047
    15/299     5.29G   0.01155   0.00153  0.006269   0.01935        44       640    0.1998    0.9958    0.2168    0.1735  0.007601 0.0005247  0.003049
    16/299     5.29G   0.01132  0.001569  0.006263   0.01916        45       640    0.2001    0.9967    0.2133    0.1851  0.006378 0.0005112   0.00304
    17/299     5.29G   0.01076    0.0015  0.006214   0.01847        46       640    0.2004    0.9928    0.2139    0.1898  0.005309 0.0004059  0.003045
    18/299     5.29G   0.01172  0.001498  0.006189   0.01941        44       640    0.1999    0.9992    0.2158    0.1912  0.005594  0.000431  0.003037
    19/299     5.29G   0.01035  0.001476  0.006208   0.01804        36       640    0.2009    0.9785    0.2129    0.1831  0.006203 0.0004604  0.003035
    20/299     5.29G   0.01107  0.001466  0.006267   0.01881        44       640    0.1999    0.9995    0.2161    0.1855  0.005982 0.0004487  0.003015
    21/299     5.29G    0.0109  0.001445  0.006365   0.01871        43       640       0.2    0.9986    0.2147    0.1887  0.006023  0.000445  0.003037
    22/299     5.29G   0.01069  0.001404  0.006259   0.01836        48       640       0.2    0.9989    0.2167    0.1885   0.00589 0.0003545   0.00303
    23/299     5.29G   0.01004  0.001396    0.0062   0.01763        50       640    0.2001    0.9976    0.2127    0.1795    0.0065 0.0004092  0.003023
    24/299     5.29G   0.01131  0.001409   0.00631   0.01903        45       640       0.2    0.9989    0.2117    0.1809  0.006035 0.0004316  0.003022
    25/299     5.29G   0.01001    0.0014  0.006213   0.01763        45       640    0.2004    0.9932    0.2135    0.1845  0.006063 0.0004872  0.003027
    26/299      5.3G   0.01073  0.001394  0.006318   0.01845        41       640    0.2001    0.9989    0.2141    0.1876  0.005366  0.000387  0.003015
    27/299      5.3G  0.009613  0.001366  0.006182   0.01716        43       640    0.2001    0.9982    0.2099    0.1784   0.00652  0.000427  0.003025
    28/299      5.3G  0.009917  0.001357  0.006318   0.01759        39       640       0.2    0.9983    0.2163    0.1831  0.006335 0.0004783  0.003042
    29/299      5.3G  0.009838  0.001344  0.006315    0.0175        44       640       0.2    0.9983    0.2164    0.1899  0.005765 0.0004635  0.003028
    30/299      5.3G  0.009819  0.001353  0.006128    0.0173        42       640       0.2     0.999    0.2157    0.1912  0.005265 0.0006146   0.00302
    31/299      5.3G  0.009877  0.001336  0.006225   0.01744        37       640    0.1999    0.9984    0.2143    0.1886  0.005522 0.0005267  0.003019
    32/299      5.3G   0.01003  0.001335  0.006295   0.01766        45       640       0.2    0.9972    0.2181    0.1922   0.00534 0.0004432  0.003025
    33/299      5.3G  0.009645  0.001344  0.006222   0.01721        35       640       0.2     0.999    0.2166    0.1914  0.005587  0.000502  0.003022
    34/299      5.3G  0.009166  0.001318  0.006242   0.01673        40       640    0.2001    0.9962     0.213    0.1892   0.00516 0.0004893  0.003021
    35/299      5.3G   0.01037  0.001401  0.006227     0.018        37       640    0.1999    0.9995    0.2131    0.1856  0.005987   0.00052  0.003022
    36/299      5.3G  0.009898  0.001372  0.006211   0.01748        48       640    0.2002    0.9926    0.2139    0.1909  0.005181 0.0004903  0.003018
    37/299      5.3G  0.008986  0.001342  0.006203   0.01653        38       640       0.2    0.9975    0.2159    0.1945  0.004657 0.0004963  0.003015
    38/299      5.3G  0.009503  0.001309  0.006205   0.01702        38       640    0.2006     0.989     0.215    0.1929  0.004922 0.0004205  0.003033
    39/299      5.3G  0.009099  0.001286  0.006161   0.01655        37       640    0.2008    0.9853    0.2184    0.1985  0.004682 0.0004859  0.003026
    40/299      5.3G   0.01035  0.001307  0.006366   0.01802        41       640       0.2    0.9984    0.2146    0.1918   0.00487 0.0004426  0.003033
    41/299      5.3G  0.009429  0.001292  0.006143   0.01686        43       640    0.2002    0.9952    0.2181    0.1966  0.004911 0.0003905  0.003017
    42/299      5.3G  0.009012  0.001278  0.006188   0.01648        38       640       0.2    0.9984    0.2158    0.1928  0.005016  0.000463  0.003021
    43/299      5.3G  0.008802  0.001264   0.00623    0.0163        37       640       0.2    0.9981    0.2163    0.1961  0.004681 0.0004228  0.003008
    44/299      5.3G  0.008425  0.001247  0.006151   0.01582        41       640    0.2007    0.9806    0.2185    0.1985  0.004693 0.0004462  0.003017
    45/299      5.3G  0.008725  0.001283  0.006202   0.01621        49       640    0.2002    0.9953    0.2167    0.1957  0.004764 0.0004179  0.003025
    46/299      5.3G  0.008265   0.00125  0.006038   0.01555        38       640    0.1999    0.9989    0.2194     0.203  0.004114 0.0004536  0.003014
    47/299      5.3G  0.008837  0.001254  0.006098   0.01619        44       640    0.2005    0.9936    0.2152    0.1949  0.004738 0.0004396  0.003019
    48/299      5.3G   0.00904  0.001235  0.006277   0.01655        43       640    0.2012     0.981     0.218    0.1932  0.005053 0.0004515  0.003023
    49/299      5.3G  0.008827  0.001229  0.006202   0.01626        44       640    0.1999    0.9994    0.2171    0.1996  0.004397 0.0004024  0.003013
    50/299      5.3G  0.009281  0.001242  0.006199   0.01672        44       640       0.2    0.9969    0.2179    0.1985  0.004662 0.0004894  0.003014
    51/299      5.3G   0.00858  0.001225  0.006106   0.01591        30       640    0.2002    0.9938    0.2166    0.1943  0.005143 0.0004808  0.003014
    52/299      5.3G  0.008365  0.001229  0.006134   0.01573        30       640    0.2003    0.9958    0.2167    0.1958  0.004894 0.0003474  0.003014
    53/299      5.3G  0.008974  0.001205  0.006224    0.0164        37       640    0.2003    0.9942    0.2186    0.1967  0.004936 0.0004613  0.003015
    54/299      5.3G  0.007859  0.001217  0.006037   0.01511        42       640       0.2    0.9973    0.2148    0.1936  0.004725 0.0004983   0.00302
    55/299      5.3G  0.008996   0.00122  0.006249   0.01647        46       640    0.2003    0.9958    0.2169    0.1945  0.004947 0.0004612  0.003023
    56/299      5.3G  0.009804  0.001201  0.006312   0.01732        46       640    0.2007    0.9815    0.2187    0.1985  0.004891 0.0004519  0.003026
    57/299      5.3G  0.008614  0.001233  0.006241   0.01609        50       640    0.2004    0.9889    0.2169    0.1959  0.004879 0.0004476  0.003021
    58/299      5.3G  0.008442   0.00121  0.006123   0.01577        33       640       0.2    0.9979    0.2184    0.2014  0.004439 0.0003998  0.003018
    59/299      5.3G  0.008663  0.001223  0.006213    0.0161        30       640    0.2001    0.9963    0.2167     0.195  0.004818 0.0004459  0.003023
    60/299      5.3G  0.008608  0.001199  0.006194     0.016        47       640       0.2    0.9984    0.2218    0.1995  0.004982 0.0004938  0.003013
    61/299      5.3G  0.008574  0.001202   0.00623   0.01601        35       640       0.2    0.9984    0.2211    0.2006  0.004275 0.0005594  0.003019
    62/299      5.3G  0.008618  0.001213  0.006209   0.01604        34       640       0.2     0.998    0.2184    0.1998  0.004325 0.0004351   0.00301
    63/299      5.3G  0.008691   0.00121  0.006164   0.01606        46       640    0.2001    0.9969    0.2186    0.1977  0.004687 0.0004085  0.003001
    64/299      5.3G  0.008126  0.001214  0.006123   0.01546        39       640       0.2    0.9971    0.2184    0.2025   0.00428  0.000489  0.003011
    65/299      5.3G  0.008696  0.001199  0.006161   0.01606        44       640    0.2003    0.9935    0.2184    0.1997  0.004774 0.0004512  0.003016
    66/299      5.3G  0.009069  0.001208  0.006193   0.01647        40       640    0.1999    0.9994    0.2173    0.1982  0.004491 0.0004983   0.00302
    67/299      5.3G  0.008304  0.001204  0.006248   0.01576        49       640    0.2004    0.9885    0.2197    0.1982  0.004831 0.0004575  0.003023
    68/299      5.3G  0.008645  0.001201  0.006296   0.01614        36       640       0.2    0.9984    0.2188    0.1992  0.004701 0.0004543  0.003031
    69/299      5.3G  0.009275  0.001216  0.006333   0.01682        41       640    0.1999    0.9995    0.2196    0.1997  0.004591 0.0003461  0.003025
    70/299      5.3G  0.008243  0.001191  0.006121   0.01555        32       640    0.1999    0.9994    0.2174    0.1947  0.004868  0.000448  0.003019
    71/299      5.3G   0.00928  0.001203   0.00621   0.01669        50       640       0.2    0.9973    0.2191       0.2  0.004574 0.0004312  0.003014
    72/299      5.3G  0.007879  0.001188  0.006107   0.01517        37       640    0.2002    0.9966    0.2209    0.2018  0.004508 0.0004082  0.003021
    73/299      5.3G  0.008405  0.001181   0.00615   0.01574        41       640    0.2001    0.9967    0.2209    0.2031   0.00441 0.0004614  0.003023
    74/299      5.3G  0.008323  0.001194  0.006217   0.01573        49       640    0.2005    0.9854     0.218    0.2022  0.004199  0.000458  0.003017
    75/299      5.3G  0.008059  0.001175  0.006235   0.01547        35       640    0.2001    0.9963    0.2233    0.2007  0.005098 0.0005438  0.003016
    76/299      5.3G  0.007775  0.001171  0.006158    0.0151        47       640    0.2001    0.9974    0.2179    0.2011  0.004321 0.0005087  0.003013
    77/299      5.3G  0.008385  0.001175  0.006218   0.01578        39       640    0.2002    0.9924    0.2168    0.2014  0.004319 0.0004724  0.003009
    78/299      5.3G  0.008077  0.001176  0.006212   0.01547        49       640       0.2    0.9995    0.2191    0.2012  0.004567 0.0004794  0.003011
    79/299      5.3G  0.009306  0.001159  0.006452   0.01692        34       640    0.2002    0.9947    0.2191    0.2009  0.004452 0.0004906  0.003019
    80/299      5.3G  0.007766  0.001185   0.00611   0.01506        46       640       0.2    0.9974    0.2199    0.2002  0.004622 0.0004267   0.00302
    81/299      5.3G  0.008392  0.001163  0.006258   0.01581        37       640    0.2001    0.9958    0.2206     0.201   0.00471 0.0004133  0.003013
    82/299      5.3G  0.007969   0.00115  0.006185    0.0153        39       640    0.2001    0.9983    0.2225    0.2032  0.004496 0.0004429   0.00301
    83/299      5.3G  0.008261  0.001174    0.0061   0.01553        39       640    0.2001    0.9974    0.2208    0.2028  0.004581 0.0004278  0.003015
    84/299      5.3G  0.008476  0.001176  0.006302   0.01595        40       640    0.2001    0.9987    0.2186    0.2041  0.004195 0.0003907  0.003009
    85/299      5.3G  0.008155  0.001176    0.0062   0.01553        45       640    0.1999    0.9995    0.2176    0.1995  0.004432 0.0003617  0.003012
    86/299      5.3G  0.009118  0.001183  0.006222   0.01652        39       640    0.2001    0.9962    0.2187    0.1997  0.004715 0.0004188   0.00302
    87/299      5.3G  0.007857  0.001155  0.006159   0.01517        42       640    0.2004    0.9921    0.2187    0.2012  0.004342  0.000464  0.003029
    88/299      5.3G  0.008648  0.001137  0.006174   0.01596        40       640       0.2    0.9989    0.2203    0.2024  0.004411 0.0004724  0.003024
    89/299      5.3G  0.007504  0.001152  0.006132   0.01479        37       640       0.2    0.9969    0.2186     0.199  0.004493 0.0004466  0.003019
    90/299      5.3G  0.007977  0.001144   0.00617   0.01529        41       640    0.2001     0.997    0.2175    0.2021  0.004236 0.0004582  0.003019
    91/299      5.3G   0.00866  0.001148  0.006196     0.016        36       640    0.2001    0.9966    0.2203    0.2032  0.004456 0.0004664  0.003014
    92/299      5.3G  0.008027   0.00113   0.00616   0.01532        46       640    0.2002    0.9951    0.2212    0.2087  0.004098 0.0004817  0.003015
    93/299      5.3G  0.007902  0.001146  0.006261   0.01531        48       640    0.2001    0.9946    0.2216    0.2073  0.004224 0.0005064  0.003019
    94/299      5.3G  0.008257  0.001183  0.006251   0.01569        34       640    0.2001    0.9972    0.2206    0.2012  0.004702 0.0004536  0.003012
    95/299      5.3G  0.007601   0.00115  0.006195   0.01495        43       640       0.2    0.9995    0.2215    0.2053  0.004344 0.0004752  0.003008
    96/299      5.3G  0.008447  0.001187  0.006177   0.01581        38       640    0.2001    0.9979    0.2209    0.2022  0.004437 0.0004847  0.003011
    97/299      5.3G  0.008254  0.001181  0.006232   0.01567        49       640       0.2    0.9995    0.2207    0.1993   0.00464 0.0005338  0.003013
    98/299      5.3G  0.008065  0.001144  0.006157   0.01537        42       640    0.2004    0.9895    0.2195       0.2   0.00444 0.0004653  0.003018
    99/299      5.3G  0.007965  0.001154  0.006123   0.01524        35       640    0.1999    0.9995    0.2183    0.1966  0.004634 0.0004424  0.003019
   100/299      5.3G  0.007604  0.001137  0.006061    0.0148        32       640    0.2001     0.996    0.2177    0.1975  0.004444 0.0004415  0.003018
   101/299      5.3G  0.007728  0.001112  0.006227   0.01507        41       640       0.2    0.9977    0.2173    0.1985  0.004379  0.000493  0.003017
   102/299      5.3G  0.007691  0.001126  0.006168   0.01498        40       640    0.2003    0.9911     0.217    0.1978   0.00452 0.0004741  0.003016
   103/299      5.3G  0.007755  0.001122  0.006184   0.01506        43       640    0.2002    0.9953    0.2169     0.199  0.004378 0.0004605  0.003014
   104/299      5.3G   0.00735  0.001138  0.006127   0.01462        49       640    0.2003    0.9934    0.2181    0.2007   0.00432 0.0004719  0.003015
   105/299      5.3G  0.007788  0.001142  0.006177   0.01511        42       640    0.2003    0.9905    0.2173    0.2033  0.004056 0.0004454  0.003015
   106/299      5.3G  0.008218   0.00113  0.006267   0.01561        32       640    0.2001    0.9979    0.2212    0.2051  0.004256 0.0004806  0.003015
   107/299      5.3G  0.006914  0.001113  0.006119   0.01415        41       640       0.2    0.9984    0.2216    0.2067  0.004189 0.0004889  0.003015
   108/299      5.3G  0.007466  0.001105  0.006215   0.01479        48       640    0.2005    0.9873     0.223    0.2098  0.004097 0.0004808  0.003017
   109/299      5.3G  0.007094  0.001113  0.006062   0.01427        43       640       0.2    0.9989    0.2204    0.2052  0.004237 0.0004589  0.003019
   110/299      5.3G  0.007893  0.001122  0.006154   0.01517        47       640    0.2002    0.9952    0.2184    0.2038  0.004203 0.0004659  0.003018
   111/299      5.3G  0.008804  0.001111  0.006322   0.01624        30       640    0.2001    0.9988    0.2201    0.2061  0.004171 0.0004707  0.003019
   112/299      5.3G  0.007557  0.001113  0.006163   0.01483        38       640       0.2    0.9989    0.2193    0.2048  0.004142  0.000487  0.003021
   113/299      5.3G  0.007362   0.00108  0.006258    0.0147        43       640       0.2    0.9989    0.2188    0.2016  0.004315 0.0004822  0.003023
   114/299      5.3G   0.00807  0.001098  0.006274   0.01544        44       640       0.2     0.999    0.2201    0.2033  0.004311  0.000452  0.003025
   115/299      5.3G   0.00715  0.001082  0.006171    0.0144        32       640    0.2001    0.9979    0.2194    0.2025  0.004372 0.0004493  0.003028
   116/299      5.3G   0.00804  0.001116  0.006288   0.01544        40       640    0.2001    0.9975    0.2186    0.2012  0.004375 0.0004662  0.003028
   117/299      5.3G  0.007414  0.001094  0.006132   0.01464        49       640    0.2001    0.9974    0.2178    0.1991  0.004489 0.0004588  0.003026
   118/299      5.3G  0.006778  0.001093  0.006035   0.01391        34       640       0.2    0.9989    0.2161    0.1986  0.004389 0.0004568  0.003026
   119/299      5.3G  0.007355  0.001094  0.006195   0.01464        40       640       0.2    0.9989    0.2164       0.2    0.0043 0.0004289  0.003027
   120/299      5.3G  0.008158  0.001096  0.006399   0.01565        40       640    0.2001    0.9979    0.2174    0.2036  0.004092 0.0004387  0.003029
   121/299      5.3G  0.007391  0.001099    0.0061   0.01459        40       640    0.2001    0.9974    0.2178    0.2029  0.004151 0.0004503  0.003032
   122/299      5.3G  0.007593  0.001102  0.006373   0.01507        49       640    0.2002    0.9949    0.2173     0.203  0.004112 0.0004514  0.003031
   123/299      5.3G  0.007343  0.001087  0.006192   0.01462        34       640    0.2002    0.9951    0.2173    0.2021  0.004196 0.0004477  0.003032
   124/299      5.3G  0.007384  0.001086   0.00619   0.01466        41       640    0.2001    0.9959    0.2175    0.2015  0.004212 0.0004582  0.003034
   125/299      5.3G  0.007896  0.001108  0.006188   0.01519        46       640    0.2001    0.9984    0.2177    0.2018  0.004214 0.0004736  0.003035
   126/299      5.3G  0.006904  0.001074  0.006134   0.01411        47       640    0.2001    0.9974    0.2186    0.2024  0.004254 0.0004809  0.003034
   127/299      5.3G  0.006825  0.001091  0.006193   0.01411        35       640    0.2001    0.9979    0.2194    0.2034  0.004238 0.0004776  0.003033
   128/299      5.3G  0.006595   0.00108  0.006067   0.01374        46       640    0.2001    0.9979    0.2197    0.2044  0.004224  0.000474   0.00303
   129/299      5.3G  0.006927   0.00106  0.006067   0.01405        34       640    0.2001    0.9973    0.2194     0.204  0.004231 0.0004734  0.003026
   130/299      5.3G  0.007337  0.001094  0.006114   0.01455        43       640    0.2001    0.9979    0.2214    0.2047  0.004333 0.0004567  0.003026
   131/299      5.3G  0.006674  0.001049  0.006156   0.01388        47       640    0.2001    0.9979     0.221    0.2044  0.004342 0.0004666  0.003026
   132/299      5.3G  0.007641  0.001053  0.006281   0.01498        39       640    0.2001    0.9979     0.221    0.2051   0.00429  0.000469  0.003026
   133/299      5.3G  0.006861  0.001055  0.006128   0.01404        40       640    0.2001    0.9979    0.2203    0.2049  0.004264 0.0004714  0.003026
   134/299      5.3G  0.007712  0.001064  0.006217   0.01499        46       640    0.2001    0.9974    0.2203    0.2049  0.004268 0.0004781  0.003028
   135/299      5.3G  0.007523  0.001073  0.006201    0.0148        37       640    0.2001    0.9958    0.2202    0.2045  0.004298 0.0004858  0.003028
   136/299      5.3G  0.007862  0.001086  0.006261   0.01521        42       640    0.2001    0.9957    0.2205    0.2051  0.004277 0.0004845  0.003029
   137/299      5.3G  0.007352  0.001069  0.006231   0.01465        36       640    0.2001    0.9958    0.2205     0.205  0.004295 0.0004866   0.00303
   138/299      5.3G  0.007877  0.001104  0.006104   0.01509        35       640       0.2    0.9995    0.2205    0.2042   0.00435 0.0004947  0.003031
   139/299      5.3G  0.006939  0.001074  0.006083    0.0141        39       640    0.2002    0.9958    0.2197    0.2029  0.004362 0.0004991  0.003031
   140/299      5.3G  0.007634  0.001075  0.006283   0.01499        37       640    0.2002    0.9958    0.2204    0.2035  0.004364 0.0004929  0.003032
   141/299      5.3G  0.006882  0.001051  0.006127   0.01406        40       640    0.2002    0.9958    0.2204    0.2034  0.004348  0.000486  0.003032
   142/299      5.3G  0.007425   0.00108  0.006275   0.01478        40       640    0.2001    0.9951    0.2199    0.2028  0.004354 0.0004806  0.003032
   143/299      5.3G  0.006795  0.001078  0.006172   0.01404        38       640       0.2    0.9982    0.2189    0.2017  0.004332 0.0004784  0.003032
   144/299      5.3G  0.006983  0.001047  0.006126   0.01416        59       640       0.2    0.9981    0.2189     0.202  0.004337  0.000476  0.003031
   145/299      5.3G  0.007777  0.001075  0.006248    0.0151        51       640       0.2    0.9979    0.2185    0.2019  0.004303 0.0004805  0.003031
   146/299      5.3G  0.007282  0.001057  0.006249   0.01459        46       640    0.2001    0.9958    0.2189    0.2026  0.004282  0.000481   0.00303
   147/299      5.3G   0.00744  0.001054  0.006249   0.01474        48       640       0.2    0.9989    0.2196    0.2033  0.004272 0.0004826  0.003029
   148/299      5.3G  0.006857  0.001051  0.006169   0.01408        44       640       0.2    0.9993    0.2193    0.2033  0.004258 0.0004845  0.003028
   149/299      5.3G  0.006728  0.001046  0.006199   0.01397        42       640       0.2    0.9995    0.2192    0.2033   0.00426 0.0004867  0.003027
   150/299      5.3G  0.007055  0.001051   0.00619    0.0143        45       640       0.2    0.9995    0.2192    0.2035  0.004238 0.0004832  0.003027
   151/299      5.3G  0.007163  0.001051  0.006275   0.01449        41       640       0.2    0.9995    0.2192    0.2035  0.004225 0.0004914  0.003026
   152/299      5.3G   0.00735  0.001062  0.006197   0.01461        33       640       0.2    0.9995    0.2193    0.2035  0.004226 0.0004919  0.003026
   153/299      5.3G  0.007593  0.001046  0.006366     0.015        36       640       0.2    0.9994    0.2192    0.2037  0.004203 0.0004894  0.003026
   154/299      5.3G  0.007762  0.001058   0.00623   0.01505        47       640       0.2    0.9995    0.2197    0.2048  0.004138 0.0004934  0.003026
   155/299      5.3G  0.006745  0.001058  0.006135   0.01394        37       640       0.2    0.9995    0.2196     0.205  0.004112 0.0004908  0.003026
   156/299      5.3G  0.007338  0.001036  0.006139   0.01451        36       640    0.2002    0.9942    0.2195    0.2051  0.004107 0.0004866  0.003025
   157/299      5.3G  0.006208   0.00102  0.006086   0.01331        43       640    0.2002     0.994    0.2195    0.2053  0.004082  0.000484  0.003026
   158/299      5.3G  0.006647  0.001025  0.006109   0.01378        45       640    0.2003    0.9925    0.2194    0.2054  0.004096 0.0004822  0.003026
